# This file was produced by samtools stats (1.21+htslib-1.21) and can be plotted using plot-bamstats
# This file contains statistics for all reads.
# The command line was:  stats ../../../mapping/genome/mapping_total_illumina_sorted.bam
# CHK, Checksum	[2]Read Names	[3]Sequences	[4]Qualities
# CHK, CRC32 of reads which passed filtering followed by addition (32bit overflow)
CHK	1087c947	7ea6d80f	cf837523
# Summary Numbers. Use `grep ^SN | cut -f 2-` to extract this part.
SN	raw total sequences:	423660	# excluding supplementary and secondary reads
SN	filtered sequences:	0
SN	sequences:	423660
SN	is sorted:	1
SN	1st fragments:	211830
SN	last fragments:	211830
SN	reads mapped:	423660
SN	reads mapped and paired:	423660	# paired-end technology bit set + both mates mapped
SN	reads unmapped:	0
SN	reads properly paired:	423424	# proper-pair bit set
SN	reads paired:	423660	# paired-end technology bit set
SN	reads duplicated:	0	# PCR or optical duplicate bit set
SN	reads MQ0:	31786	# mapped and MQ=0
SN	reads QC failed:	0
SN	non-primary alignments:	0
SN	supplementary alignments:	5
SN	total length:	63549000	# ignores clipping
SN	total first fragment length:	31774500	# ignores clipping
SN	total last fragment length:	31774500	# ignores clipping
SN	bases mapped:	63549000	# ignores clipping
SN	bases mapped (cigar):	63543685	# more accurate
SN	bases trimmed:	0
SN	bases duplicated:	0
SN	mismatches:	126007	# from NM fields
SN	error rate:	1.982998e-03	# mismatches / bases mapped (cigar)
SN	average length:	150
SN	average first fragment length:	150
SN	average last fragment length:	150
SN	maximum length:	150
SN	maximum first fragment length:	150
SN	maximum last fragment length:	150
SN	average quality:	36.4
SN	insert size average:	199.2
SN	insert size standard deviation:	9.7
SN	inward oriented pairs:	211722
SN	outward oriented pairs:	2
SN	pairs with other orientation:	2
SN	pairs on different chromosomes:	104
SN	percentage of properly paired reads (%):	99.9
# First Fragment Qualities. Use `grep ^FFQ | cut -f 2-` to extract this part.
# Columns correspond to qualities and rows to cycles. First column is the cycle number.
FFQ	1	0	0	0	0	0	0	0	98	0	0	0	0	0	0	0	0	4570	0	0	0	0	0	0	867	0	0	0	0	20060	0	0	0	0	0	186235	0	0	0	0	0	0	0	0
FFQ	2	0	0	0	0	0	0	0	88	0	0	0	0	0	0	0	0	2902	0	0	0	0	0	0	1093	0	0	0	0	13620	0	0	0	0	0	194127	0	0	0	0	0	0	0	0
FFQ	3	0	0	0	0	0	0	0	213	0	0	0	0	0	0	0	0	17199	0	0	0	0	0	0	4646	0	0	0	0	22322	0	0	0	0	0	167450	0	0	0	0	0	0	0	0
FFQ	4	0	0	0	0	0	0	0	190	0	0	0	0	0	0	0	0	15047	0	0	0	0	0	0	1288	0	0	0	0	12572	0	0	0	0	0	26459	0	0	0	156274	0	0	0	0
FFQ	5	0	0	0	0	0	0	0	58	0	0	0	0	0	0	0	0	4375	0	0	0	0	0	0	521	0	0	0	0	7261	0	0	0	0	0	24198	0	0	0	175417	0	0	0	0
FFQ	6	0	0	0	0	0	0	0	358	0	0	0	0	0	0	0	0	2984	0	0	0	0	0	0	902	0	0	0	0	4886	0	0	0	0	0	18093	0	0	0	184607	0	0	0	0
FFQ	7	0	0	0	0	0	0	0	373	0	0	0	0	0	0	0	0	3020	0	0	0	0	0	0	762	0	0	0	0	4461	0	0	0	0	0	15752	0	0	0	187462	0	0	0	0
FFQ	8	0	0	0	0	0	0	0	377	0	0	0	0	0	0	0	0	2955	0	0	0	0	0	0	754	0	0	0	0	4308	0	0	0	0	0	14314	0	0	0	189122	0	0	0	0
FFQ	9	0	0	0	0	0	0	0	370	0	0	0	0	0	0	0	0	2751	0	0	0	0	0	0	743	0	0	0	0	4029	0	0	0	0	0	13361	0	0	0	190576	0	0	0	0
FFQ	10	0	0	0	0	0	0	0	354	0	0	0	0	0	0	0	0	2668	0	0	0	0	0	0	724	0	0	0	0	3951	0	0	0	0	0	12924	0	0	0	191209	0	0	0	0
FFQ	11	0	0	0	0	0	0	0	348	0	0	0	0	0	0	0	0	2511	0	0	0	0	0	0	754	0	0	0	0	3848	0	0	0	0	0	12985	0	0	0	191384	0	0	0	0
FFQ	12	0	0	0	0	0	0	0	367	0	0	0	0	0	0	0	0	2505	0	0	0	0	0	0	733	0	0	0	0	4022	0	0	0	0	0	13161	0	0	0	191042	0	0	0	0
FFQ	13	0	0	0	0	0	0	0	485	0	0	0	0	0	0	0	0	2704	0	0	0	0	0	0	845	0	0	0	0	4277	0	0	0	0	0	13972	0	0	0	189547	0	0	0	0
FFQ	14	0	0	0	0	0	0	0	434	0	0	0	0	0	0	0	0	2806	0	0	0	0	0	0	904	0	0	0	0	4512	0	0	0	0	0	13048	0	0	0	47336	0	0	142790	0
FFQ	15	0	0	0	0	0	0	0	442	0	0	0	0	0	0	0	0	2817	0	0	0	0	0	0	982	0	0	0	0	4427	0	0	0	0	0	13049	0	0	0	47587	0	0	142526	0
FFQ	16	0	0	0	0	0	0	0	393	0	0	0	0	0	0	0	0	2742	0	0	0	0	0	0	891	0	0	0	0	4440	0	0	0	0	0	13104	0	0	0	47690	0	0	142570	0
FFQ	17	0	0	0	0	0	0	0	451	0	0	0	0	0	0	0	0	2740	0	0	0	0	0	0	893	0	0	0	0	4371	0	0	0	0	0	13332	0	0	0	48183	0	0	141860	0
FFQ	18	0	0	0	0	0	0	0	440	0	0	0	0	0	0	0	0	2850	0	0	0	0	0	0	994	0	0	0	0	4326	0	0	0	0	0	13490	0	0	0	48816	0	0	140914	0
FFQ	19	0	0	0	1	0	0	0	435	0	0	0	0	0	0	0	0	2677	0	0	0	0	0	0	1059	0	0	0	0	4358	0	0	0	0	0	13452	0	0	0	47188	0	0	142660	0
FFQ	20	0	0	0	0	0	0	0	480	0	0	0	0	0	0	0	0	2660	0	0	0	0	0	0	1099	0	0	0	0	4377	0	0	0	0	0	13618	0	0	0	47249	0	0	142347	0
FFQ	21	0	0	0	0	0	0	0	512	0	0	0	0	0	0	0	0	2782	0	0	0	0	0	0	1208	0	0	0	0	4450	0	0	0	0	0	13852	0	0	0	47878	0	0	141148	0
FFQ	22	0	0	0	1	0	0	0	553	0	0	0	0	0	0	0	0	2744	0	0	0	0	0	0	1209	0	0	0	0	4313	0	0	0	0	0	13659	0	0	0	48293	0	0	141058	0
FFQ	23	0	0	0	0	0	0	0	591	0	0	0	0	0	0	0	0	2581	0	0	0	0	0	0	1280	0	0	0	0	4294	0	0	0	0	0	13697	0	0	0	49479	0	0	139908	0
FFQ	24	0	0	0	0	0	0	0	558	0	0	0	0	0	0	0	0	2601	0	0	0	0	0	0	1355	0	0	0	0	4308	0	0	0	0	0	13861	0	0	0	49271	0	0	139876	0
FFQ	25	0	0	0	0	0	0	0	658	0	0	0	0	0	0	0	0	2610	0	0	0	0	0	0	1470	0	0	0	0	4321	0	0	0	0	0	13988	0	0	0	49928	0	0	138855	0
FFQ	26	0	0	0	0	0	0	0	639	0	0	0	0	0	0	0	0	2455	0	0	0	0	0	0	1434	0	0	0	0	4264	0	0	0	0	0	14075	0	0	0	49970	0	0	138993	0
FFQ	27	0	0	0	0	0	0	0	788	0	0	0	0	0	0	0	0	2551	0	0	0	0	0	0	1635	0	0	0	0	4148	0	0	0	0	0	14410	0	0	0	50294	0	0	138004	0
FFQ	28	0	0	0	0	0	0	0	778	0	0	0	0	0	0	0	0	2434	0	0	0	0	0	0	1748	0	0	0	0	4150	0	0	0	0	0	14556	0	0	0	51392	0	0	136772	0
FFQ	29	0	0	0	0	0	0	0	861	0	0	0	0	0	0	0	0	2353	0	0	0	0	0	0	1941	0	0	0	0	4173	0	0	0	0	0	14964	0	0	0	52083	0	0	135455	0
FFQ	30	0	0	0	0	0	0	0	852	0	0	0	0	0	0	0	0	2287	0	0	0	0	0	0	1855	0	0	0	0	4113	0	0	0	0	0	14856	0	0	0	53064	0	0	134803	0
FFQ	31	0	0	0	0	0	0	0	952	0	0	0	0	0	0	0	0	2231	0	0	0	0	0	0	2041	0	0	0	0	4189	0	0	0	0	0	15062	0	0	0	53218	0	0	134137	0
FFQ	32	0	0	0	0	0	0	0	1032	0	0	0	0	0	0	0	0	2212	0	0	0	0	0	0	2072	0	0	0	0	4275	0	0	0	0	0	15250	0	0	0	53716	0	0	133273	0
FFQ	33	0	0	0	0	0	0	0	1092	0	0	0	0	0	0	0	0	2099	0	0	0	0	0	0	2139	0	0	0	0	4253	0	0	0	0	0	15503	0	0	0	54510	0	0	132234	0
FFQ	34	0	0	0	0	0	0	0	1092	0	0	0	0	0	0	0	0	1998	0	0	0	0	0	0	2204	0	0	0	0	4463	0	0	0	0	0	15980	0	0	0	55261	0	0	130832	0
FFQ	35	0	0	0	1	0	0	0	1167	0	0	0	0	0	0	0	0	2039	0	0	0	0	0	0	2262	0	0	0	0	4497	0	0	0	0	0	15994	0	0	0	55537	0	0	130333	0
FFQ	36	0	0	0	1	0	0	0	1284	0	0	0	0	0	0	0	0	1967	0	0	0	0	0	0	2247	0	0	0	0	4600	0	0	0	0	0	16194	0	0	0	56552	0	0	128985	0
FFQ	37	0	0	0	0	0	0	0	1241	0	0	0	0	0	0	0	0	1966	0	0	0	0	0	0	2413	0	0	0	0	4594	0	0	0	0	0	16533	0	0	0	57149	0	0	127934	0
FFQ	38	0	0	0	0	0	0	0	1249	0	0	0	0	0	0	0	0	2010	0	0	0	0	0	0	2484	0	0	0	0	4614	0	0	0	0	0	16843	0	0	0	58225	0	0	126405	0
FFQ	39	0	0	0	0	0	0	0	1308	0	0	0	0	0	0	0	0	1981	0	0	0	0	0	0	2704	0	0	0	0	4878	0	0	0	0	0	17043	0	0	0	61203	0	0	122713	0
FFQ	40	0	0	0	0	0	0	0	1243	0	0	0	0	0	0	0	0	2036	0	0	0	0	0	0	2679	0	0	0	0	4892	0	0	0	0	0	17762	0	0	0	62032	0	0	121186	0
FFQ	41	0	0	0	0	0	0	0	1205	0	0	0	0	0	0	0	0	2059	0	0	0	0	0	0	2902	0	0	0	0	5066	0	0	0	0	0	17763	0	0	0	63710	0	0	119125	0
FFQ	42	0	0	0	0	0	0	0	1294	0	0	0	0	0	0	0	0	2139	0	0	0	0	0	0	2995	0	0	0	0	5142	0	0	0	0	0	18785	0	0	0	65758	0	0	115717	0
FFQ	43	0	0	0	0	0	0	0	1291	0	0	0	0	0	0	0	0	2178	0	0	0	0	0	0	3123	0	0	0	0	5157	0	0	0	0	0	19201	0	0	0	67785	0	0	113095	0
FFQ	44	0	0	0	0	0	0	0	1170	0	0	0	0	0	0	0	0	2108	0	0	0	0	0	0	3166	0	0	0	0	5292	0	0	0	0	0	19579	0	0	0	68659	0	0	111856	0
FFQ	45	0	0	0	0	0	0	0	1235	0	0	0	0	0	0	0	0	2148	0	0	0	0	0	0	3195	0	0	0	0	5668	0	0	0	0	0	19870	0	0	0	69828	0	0	109886	0
FFQ	46	0	0	0	0	0	0	0	1214	0	0	0	0	0	0	0	0	2003	0	0	0	0	0	0	3439	0	0	0	0	5625	0	0	0	0	0	20400	0	0	0	71329	0	0	107820	0
FFQ	47	0	0	0	0	0	0	0	1239	0	0	0	0	0	0	0	0	2055	0	0	0	0	0	0	3477	0	0	0	0	5964	0	0	0	0	0	21234	0	0	0	73791	0	0	104070	0
FFQ	48	0	0	0	1	0	0	0	1197	0	0	0	0	0	0	0	0	2093	0	0	0	0	0	0	3687	0	0	0	0	6058	0	0	0	0	0	21303	0	0	0	76010	0	0	101481	0
FFQ	49	0	0	0	0	0	0	0	1265	0	0	0	0	0	0	0	0	2089	0	0	0	0	0	0	3721	0	0	0	0	6374	0	0	0	0	0	22642	0	0	0	76568	0	0	99171	0
FFQ	50	0	0	0	0	0	0	0	1215	0	0	0	0	0	0	0	0	2130	0	0	0	0	0	0	3662	0	0	0	0	6359	0	0	0	0	0	22862	0	0	0	78349	0	0	97253	0
FFQ	51	0	0	0	1	0	0	0	1206	0	0	0	0	0	0	0	0	2218	0	0	0	0	0	0	3991	0	0	0	0	6503	0	0	0	0	0	23854	0	0	0	80431	0	0	93626	0
FFQ	52	0	0	0	0	0	0	0	1171	0	0	0	0	0	0	0	0	2172	0	0	0	0	0	0	4059	0	0	0	0	6648	0	0	0	0	0	24343	0	0	0	82063	0	0	91374	0
FFQ	53	0	0	0	1	0	0	0	1232	0	0	0	0	0	0	0	0	2228	0	0	0	0	0	0	4112	0	0	0	0	6946	0	0	0	0	0	25354	0	0	0	84376	0	0	87581	0
FFQ	54	0	0	0	0	0	0	0	1234	0	0	0	0	0	0	0	0	2216	0	0	0	0	0	0	4256	0	0	0	0	7102	0	0	0	0	0	26323	0	0	0	87121	0	0	83578	0
FFQ	55	0	0	0	0	0	0	0	1279	0	0	0	0	0	0	0	0	2203	0	0	0	0	0	0	3990	0	0	0	0	7751	0	0	0	0	0	27133	0	0	0	89817	0	0	79657	0
FFQ	56	0	0	0	0	0	0	0	1266	0	0	0	0	0	0	0	0	2279	0	0	0	0	0	0	4064	0	0	0	0	8267	0	0	0	0	0	28373	0	0	0	90843	0	0	76738	0
FFQ	57	0	0	0	0	0	0	0	1288	0	0	0	0	0	0	0	0	2363	0	0	0	0	0	0	4117	0	0	0	0	8649	0	0	0	0	0	29643	0	0	0	93379	0	0	72391	0
FFQ	58	0	0	0	0	0	0	0	1265	0	0	0	0	0	0	0	0	2375	0	0	0	0	0	0	4229	0	0	0	0	8761	0	0	0	0	0	29740	0	0	0	96521	0	0	68939	0
FFQ	59	0	0	0	0	0	0	0	1311	0	0	0	0	0	0	0	0	2384	0	0	0	0	0	0	3743	0	0	0	0	9258	0	0	0	0	0	30877	0	0	0	98567	0	0	65690	0
FFQ	60	0	0	0	0	0	0	0	1347	0	0	0	0	0	0	0	0	2293	0	0	0	0	0	0	3789	0	0	0	0	9860	0	0	0	0	0	32072	0	0	0	100316	0	0	62153	0
FFQ	61	0	0	0	0	0	0	0	1213	0	0	0	0	0	0	0	0	2509	0	0	0	0	0	0	3977	0	0	0	0	9816	0	0	0	0	0	32552	0	0	0	103453	0	0	58310	0
FFQ	62	0	0	0	0	0	0	0	1385	0	0	0	0	0	0	0	0	2469	0	0	0	0	0	0	4146	0	0	0	0	10054	0	0	0	0	0	33882	0	0	0	104893	0	0	55001	0
FFQ	63	0	0	0	0	0	0	0	1362	0	0	0	0	0	0	0	0	2519	0	0	0	0	0	0	4154	0	0	0	0	10250	0	0	0	0	0	34747	0	0	0	107131	0	0	51667	0
FFQ	64	0	0	0	0	0	0	0	1299	0	0	0	0	0	0	0	0	2631	0	0	0	0	0	0	4298	0	0	0	0	10599	0	0	0	0	0	36193	0	0	0	108749	0	0	48061	0
FFQ	65	0	0	0	0	0	0	0	1366	0	0	0	0	0	0	0	0	2719	0	0	0	0	0	0	4366	0	0	0	0	10856	0	0	0	0	0	37531	0	0	0	110145	0	0	44847	0
FFQ	66	0	0	0	2	0	0	0	1386	0	0	0	0	0	0	0	0	2681	0	0	0	0	0	0	4482	0	0	0	0	11006	0	0	0	0	0	38195	0	0	0	112209	0	0	41869	0
FFQ	67	0	0	0	1	0	0	0	1346	0	0	0	0	0	0	0	0	2718	0	0	0	0	0	0	4552	0	0	0	0	11186	0	0	0	0	0	39944	0	0	0	113950	0	0	38133	0
FFQ	68	0	0	0	0	0	0	0	1394	0	0	0	0	0	0	0	0	2683	0	0	0	0	0	0	4522	0	0	0	0	11128	0	0	0	0	0	40933	0	0	0	116668	0	0	34502	0
FFQ	69	0	0	0	0	0	0	0	1405	0	0	0	0	0	0	0	0	2739	0	0	0	0	0	0	4466	0	0	0	0	11566	0	0	0	0	0	42228	0	0	0	118593	0	0	30833	0
FFQ	70	0	0	0	0	0	0	0	1450	0	0	0	0	0	0	0	0	2861	0	0	0	0	0	0	4571	0	0	0	0	11730	0	0	0	0	0	43505	0	0	0	120289	0	0	27424	0
FFQ	71	0	0	0	0	0	0	0	1437	0	0	0	0	0	0	0	0	2819	0	0	0	0	0	0	4526	0	0	0	0	12004	0	0	0	0	0	44974	0	0	0	121732	0	0	24338	0
FFQ	72	0	0	0	0	0	0	0	1415	0	0	0	0	0	0	0	0	2977	0	0	0	0	0	0	4684	0	0	0	0	12195	0	0	0	0	0	45217	0	0	0	123533	0	0	21809	0
FFQ	73	0	0	0	0	0	0	0	1475	0	0	0	0	0	0	0	0	3017	0	0	0	0	0	0	4938	0	0	0	0	12598	0	0	0	0	0	47531	0	0	0	122320	0	0	19951	0
FFQ	74	0	0	0	0	0	0	0	1599	0	0	0	0	0	0	0	0	3260	0	0	0	0	0	0	4987	0	0	0	0	12712	0	0	0	0	0	49116	0	0	0	122675	0	0	17481	0
FFQ	75	0	0	0	1	0	0	0	1542	0	0	0	0	0	0	0	0	3233	0	0	0	0	0	0	5261	0	0	0	0	13225	0	0	0	0	0	50167	0	0	0	122781	0	0	15620	0
FFQ	76	0	0	0	1	0	0	0	1538	0	0	0	0	0	0	0	0	3459	0	0	0	0	0	0	5538	0	0	0	0	13490	0	0	0	0	0	51607	0	0	0	122289	0	0	13908	0
FFQ	77	0	0	0	1	0	0	0	1548	0	0	0	0	0	0	0	0	3363	0	0	0	0	0	0	5404	0	0	0	0	13369	0	0	0	0	0	53653	0	0	0	122812	0	0	11680	0
FFQ	78	0	0	0	0	0	0	0	1597	0	0	0	0	0	0	0	0	3421	0	0	0	0	0	0	5343	0	0	0	0	13822	0	0	0	0	0	54146	0	0	0	125986	0	0	7515	0
FFQ	79	0	0	0	0	0	0	0	1424	0	0	0	0	0	0	0	0	3016	0	0	0	0	0	0	4922	0	0	0	0	12696	0	0	0	0	0	51937	0	0	0	132260	0	0	5575	0
FFQ	80	0	0	0	1	0	0	0	1349	0	0	0	0	0	0	0	0	3140	0	0	0	0	0	0	4878	0	0	0	0	12417	0	0	0	0	0	50887	0	0	0	136013	0	0	3145	0
FFQ	81	0	0	0	2	0	0	0	1387	0	0	0	0	0	0	0	0	3185	0	0	0	0	0	0	4808	0	0	0	0	12551	0	0	0	0	0	51225	0	0	0	136418	0	0	2254	0
FFQ	82	0	0	0	0	0	0	0	1455	0	0	0	0	0	0	0	0	3169	0	0	0	0	0	0	4741	0	0	0	0	12271	0	0	0	0	0	51793	0	0	0	136748	0	0	1653	0
FFQ	83	0	0	0	0	0	0	0	1427	0	0	0	0	0	0	0	0	3271	0	0	0	0	0	0	4966	0	0	0	0	12615	0	0	0	0	0	51931	0	0	0	136444	0	0	1176	0
FFQ	84	0	0	0	0	0	0	0	1425	0	0	0	0	0	0	0	0	3416	0	0	0	0	0	0	5162	0	0	0	0	12695	0	0	0	0	0	52901	0	0	0	135406	0	0	825	0
FFQ	85	0	0	0	1	0	0	0	1511	0	0	0	0	0	0	0	0	3452	0	0	0	0	0	0	5090	0	0	0	0	12881	0	0	0	0	0	53976	0	0	0	134404	0	0	515	0
FFQ	86	0	0	0	0	0	0	0	1216	0	0	0	0	0	0	0	0	3171	0	0	0	0	0	0	4776	0	0	0	0	12263	0	0	0	0	0	52521	0	0	0	137511	0	0	372	0
FFQ	87	0	0	0	0	0	0	0	1167	0	0	0	0	0	0	0	0	3002	0	0	0	0	0	0	4494	0	0	0	0	11777	0	0	0	0	0	51321	0	0	0	139827	0	0	242	0
FFQ	88	0	0	0	0	0	0	0	1183	0	0	0	0	0	0	0	0	3047	0	0	0	0	0	0	4344	0	0	0	0	11763	0	0	0	0	0	50270	0	0	0	141087	0	0	136	0
FFQ	89	0	0	0	1	0	0	0	1142	0	0	0	0	0	0	0	0	3010	0	0	0	0	0	0	4379	0	0	0	0	11482	0	0	0	0	0	50126	0	0	0	141589	0	0	101	0
FFQ	90	0	0	0	0	0	0	0	1166	0	0	0	0	0	0	0	0	3146	0	0	0	0	0	0	4530	0	0	0	0	11957	0	0	0	0	0	50918	0	0	0	140054	0	0	59	0
FFQ	91	0	0	0	0	0	0	0	1194	0	0	0	0	0	0	0	0	3144	0	0	0	0	0	0	4339	0	0	0	0	11748	0	0	0	0	0	51838	0	0	0	139533	0	0	34	0
FFQ	92	0	0	0	0	0	0	0	1115	0	0	0	0	0	0	0	0	3267	0	0	0	0	0	0	4534	0	0	0	0	11872	0	0	0	0	0	51648	0	0	0	139367	0	0	27	0
FFQ	93	0	0	0	1	0	0	0	1163	0	0	0	0	0	0	0	0	3319	0	0	0	0	0	0	4374	0	0	0	0	12026	0	0	0	0	0	51861	0	0	0	139069	0	0	17	0
FFQ	94	0	0	0	0	0	0	0	1187	0	0	0	0	0	0	0	0	3352	0	0	0	0	0	0	4492	0	0	0	0	11952	0	0	0	0	0	52460	0	0	0	138377	0	0	10	0
FFQ	95	0	0	0	0	0	0	0	1209	0	0	0	0	0	0	0	0	3499	0	0	0	0	0	0	4430	0	0	0	0	12180	0	0	0	0	0	52585	0	0	0	137925	0	0	2	0
FFQ	96	0	0	0	0	0	0	0	1194	0	0	0	0	0	0	0	0	3420	0	0	0	0	0	0	4414	0	0	0	0	12044	0	0	0	0	0	52848	0	0	0	137904	0	0	6	0
FFQ	97	0	0	0	0	0	0	0	1199	0	0	0	0	0	0	0	0	3479	0	0	0	0	0	0	4308	0	0	0	0	11921	0	0	0	0	0	52502	0	0	0	138420	0	0	1	0
FFQ	98	0	0	0	0	0	0	0	1187	0	0	0	0	0	0	0	0	3340	0	0	0	0	0	0	4524	0	0	0	0	12119	0	0	0	0	0	53546	0	0	0	137114	0	0	0	0
FFQ	99	0	0	0	0	0	0	0	1260	0	0	0	0	0	0	0	0	3502	0	0	0	0	0	0	4663	0	0	0	0	12161	0	0	0	0	0	53279	0	0	0	136962	0	0	3	0
FFQ	100	0	0	0	1	0	0	0	1139	0	0	0	0	0	0	0	0	3563	0	0	0	0	0	0	4426	0	0	0	0	11995	0	0	0	0	0	53809	0	0	0	136897	0	0	0	0
FFQ	101	0	0	0	1	0	0	0	1226	0	0	0	0	0	0	0	0	3532	0	0	0	0	0	0	4348	0	0	0	0	11854	0	0	0	0	0	53995	0	0	0	0	0	0	136874	0
FFQ	102	0	0	0	0	0	0	0	1361	0	0	0	0	0	0	0	0	5213	0	0	0	0	0	0	7377	0	0	0	0	21532	0	0	0	0	0	101935	0	0	0	74412	0	0	0	0
FFQ	103	0	0	0	0	0	0	0	1293	0	0	0	0	0	0	0	0	4465	0	0	0	0	0	0	5835	0	0	0	0	15665	0	0	0	0	0	81139	0	0	0	103433	0	0	0	0
FFQ	104	0	0	0	1	0	0	0	1285	0	0	0	0	0	0	0	0	3979	0	0	0	0	0	0	5026	0	0	0	0	13414	0	0	0	0	0	63533	0	0	0	124592	0	0	0	0
FFQ	105	0	0	0	0	0	0	0	1189	0	0	0	0	0	0	0	0	3766	0	0	0	0	0	0	4759	0	0	0	0	12686	0	0	0	0	0	56465	0	0	0	132965	0	0	0	0
FFQ	106	0	0	0	1	0	0	0	1173	0	0	0	0	0	0	0	0	3814	0	0	0	0	0	0	4545	0	0	0	0	12039	0	0	0	0	0	54642	0	0	0	135616	0	0	0	0
FFQ	107	0	0	0	0	0	0	0	1138	0	0	0	0	0	0	0	0	3560	0	0	0	0	0	0	4489	0	0	0	0	11752	0	0	0	0	0	53831	0	0	0	137060	0	0	0	0
FFQ	108	0	0	0	0	0	0	0	1092	0	0	0	0	0	0	0	0	3635	0	0	0	0	0	0	4286	0	0	0	0	11828	0	0	0	0	0	52976	0	0	0	138013	0	0	0	0
FFQ	109	0	0	0	1	0	0	0	1111	0	0	0	0	0	0	0	0	3674	0	0	0	0	0	0	4415	0	0	0	0	11848	0	0	0	0	0	52844	0	0	0	137937	0	0	0	0
FFQ	110	0	0	0	0	0	0	0	1142	0	0	0	0	0	0	0	0	3787	0	0	0	0	0	0	4530	0	0	0	0	11815	0	0	0	0	0	53317	0	0	0	137239	0	0	0	0
FFQ	111	0	0	0	0	0	0	0	1116	0	0	0	0	0	0	0	0	3550	0	0	0	0	0	0	4361	0	0	0	0	11801	0	0	0	0	0	53015	0	0	0	137987	0	0	0	0
FFQ	112	0	0	0	0	0	0	0	1131	0	0	0	0	0	0	0	0	3580	0	0	0	0	0	0	4468	0	0	0	0	11974	0	0	0	0	0	53156	0	0	0	137521	0	0	0	0
FFQ	113	0	0	0	0	0	0	0	1120	0	0	0	0	0	0	0	0	3683	0	0	0	0	0	0	4479	0	0	0	0	12047	0	0	0	0	0	53477	0	0	0	137024	0	0	0	0
FFQ	114	0	0	0	0	0	0	0	1136	0	0	0	0	0	0	0	0	3783	0	0	0	0	0	0	4345	0	0	0	0	11891	0	0	0	0	0	54106	0	0	0	136569	0	0	0	0
FFQ	115	0	0	0	0	0	0	0	1214	0	0	0	0	0	0	0	0	3920	0	0	0	0	0	0	4488	0	0	0	0	11951	0	0	0	0	0	53155	0	0	0	137102	0	0	0	0
FFQ	116	0	0	0	0	0	0	0	1201	0	0	0	0	0	0	0	0	3915	0	0	0	0	0	0	4503	0	0	0	0	11988	0	0	0	0	0	54065	0	0	0	136158	0	0	0	0
FFQ	117	0	0	0	0	0	0	0	1125	0	0	0	0	0	0	0	0	3922	0	0	0	0	0	0	4304	0	0	0	0	11944	0	0	0	0	0	53812	0	0	0	136723	0	0	0	0
FFQ	118	0	0	0	0	0	0	0	1065	0	0	0	0	0	0	0	0	3794	0	0	0	0	0	0	4419	0	0	0	0	12138	0	0	0	0	0	53406	0	0	0	137008	0	0	0	0
FFQ	119	0	0	0	0	0	0	0	1104	0	0	0	0	0	0	0	0	3971	0	0	0	0	0	0	4687	0	0	0	0	12344	0	0	0	0	0	54155	0	0	0	135569	0	0	0	0
FFQ	120	0	0	0	0	0	0	0	1109	0	0	0	0	0	0	0	0	4000	0	0	0	0	0	0	4502	0	0	0	0	12196	0	0	0	0	0	54979	0	0	0	135044	0	0	0	0
FFQ	121	0	0	0	0	0	0	0	1162	0	0	0	0	0	0	0	0	3963	0	0	0	0	0	0	4662	0	0	0	0	12339	0	0	0	0	0	54696	0	0	0	135008	0	0	0	0
FFQ	122	0	0	0	0	0	0	0	1047	0	0	0	0	0	0	0	0	3875	0	0	0	0	0	0	4643	0	0	0	0	12346	0	0	0	0	0	54562	0	0	0	135357	0	0	0	0
FFQ	123	0	0	0	0	0	0	0	1157	0	0	0	0	0	0	0	0	3811	0	0	0	0	0	0	4617	0	0	0	0	12004	0	0	0	0	0	54699	0	0	0	135542	0	0	0	0
FFQ	124	0	0	0	0	0	0	0	1058	0	0	0	0	0	0	0	0	3637	0	0	0	0	0	0	4504	0	0	0	0	11944	0	0	0	0	0	55214	0	0	0	135473	0	0	0	0
FFQ	125	0	0	0	0	0	0	0	1077	0	0	0	0	0	0	0	0	3820	0	0	0	0	0	0	4452	0	0	0	0	12374	0	0	0	0	0	55322	0	0	0	134785	0	0	0	0
FFQ	126	0	0	0	0	0	0	0	1006	0	0	0	0	0	0	0	0	3721	0	0	0	0	0	0	4450	0	0	0	0	11982	0	0	0	0	0	55612	0	0	0	135059	0	0	0	0
FFQ	127	0	0	0	0	0	0	0	1043	0	0	0	0	0	0	0	0	3722	0	0	0	0	0	0	4415	0	0	0	0	12044	0	0	0	0	0	55639	0	0	0	134967	0	0	0	0
FFQ	128	0	0	0	0	0	0	0	1040	0	0	0	0	0	0	0	0	3760	0	0	0	0	0	0	4574	0	0	0	0	12213	0	0	0	0	0	55508	0	0	0	134735	0	0	0	0
FFQ	129	0	0	0	1	0	0	0	937	0	0	0	0	0	0	0	0	3690	0	0	0	0	0	0	4392	0	0	0	0	11989	0	0	0	0	0	55290	0	0	0	135531	0	0	0	0
FFQ	130	0	0	0	1	0	0	0	930	0	0	0	0	0	0	0	0	3560	0	0	0	0	0	0	4527	0	0	0	0	11996	0	0	0	0	0	55507	0	0	0	135309	0	0	0	0
FFQ	131	0	0	0	0	0	0	0	962	0	0	0	0	0	0	0	0	3652	0	0	0	0	0	0	4607	0	0	0	0	12021	0	0	0	0	0	56614	0	0	0	133974	0	0	0	0
FFQ	132	0	0	0	0	0	0	0	909	0	0	0	0	0	0	0	0	3573	0	0	0	0	0	0	4377	0	0	0	0	12295	0	0	0	0	0	56118	0	0	0	134558	0	0	0	0
FFQ	133	0	0	0	0	0	0	0	978	0	0	0	0	0	0	0	0	3598	0	0	0	0	0	0	4389	0	0	0	0	12169	0	0	0	0	0	56027	0	0	0	134669	0	0	0	0
FFQ	134	0	0	0	0	0	0	0	914	0	0	0	0	0	0	0	0	3622	0	0	0	0	0	0	4236	0	0	0	0	11934	0	0	0	0	0	56320	0	0	0	134804	0	0	0	0
FFQ	135	0	0	0	0	0	0	0	935	0	0	0	0	0	0	0	0	3538	0	0	0	0	0	0	4101	0	0	0	0	11928	0	0	0	0	0	56995	0	0	0	134333	0	0	0	0
FFQ	136	0	0	0	0	0	0	0	849	0	0	0	0	0	0	0	0	3587	0	0	0	0	0	0	4036	0	0	0	0	11946	0	0	0	0	0	57061	0	0	0	134351	0	0	0	0
FFQ	137	0	0	0	0	0	0	0	900	0	0	0	0	0	0	0	0	3609	0	0	0	0	0	0	4258	0	0	0	0	12179	0	0	0	0	0	57269	0	0	0	133615	0	0	0	0
FFQ	138	0	0	0	0	0	0	0	904	0	0	0	0	0	0	0	0	3559	0	0	0	0	0	0	4192	0	0	0	0	11970	0	0	0	0	0	57319	0	0	0	133886	0	0	0	0
FFQ	139	0	0	0	0	0	0	0	831	0	0	0	0	0	0	0	0	3472	0	0	0	0	0	0	4090	0	0	0	0	12363	0	0	0	0	0	57529	0	0	0	133545	0	0	0	0
FFQ	140	0	0	0	0	0	0	0	795	0	0	0	0	0	0	0	0	3402	0	0	0	0	0	0	4162	0	0	0	0	12098	0	0	0	0	0	57491	0	0	0	133882	0	0	0	0
FFQ	141	0	0	0	0	0	0	0	766	0	0	0	0	0	0	0	0	3346	0	0	0	0	0	0	4286	0	0	0	0	11810	0	0	0	0	0	57480	0	0	0	134142	0	0	0	0
FFQ	142	0	0	0	0	0	0	0	685	0	0	0	0	0	0	0	0	3190	0	0	0	0	0	0	4264	0	0	0	0	12002	0	0	0	0	0	57931	0	0	0	133758	0	0	0	0
FFQ	143	0	0	0	1	0	0	0	718	0	0	0	0	0	0	0	0	3289	0	0	0	0	0	0	4289	0	0	0	0	11827	0	0	0	0	0	57840	0	0	0	133866	0	0	0	0
FFQ	144	0	0	0	1	0	0	0	650	0	0	0	0	0	0	0	0	3150	0	0	0	0	0	0	4373	0	0	0	0	12016	0	0	0	0	0	58704	0	0	0	132936	0	0	0	0
FFQ	145	0	0	0	0	0	0	0	536	0	0	0	0	0	0	0	0	3076	0	0	0	0	0	0	4229	0	0	0	0	11902	0	0	0	0	0	58873	0	0	0	133214	0	0	0	0
FFQ	146	0	0	0	0	0	0	0	419	0	0	0	0	0	0	0	0	2935	0	0	0	0	0	0	4263	0	0	0	0	11849	0	0	0	0	0	59721	0	0	0	132643	0	0	0	0
FFQ	147	0	0	0	0	0	0	0	256	0	0	0	0	0	0	0	0	2834	0	0	0	0	0	0	4090	0	0	0	0	12079	0	0	0	0	0	59751	0	0	0	132820	0	0	0	0
FFQ	148	0	0	0	0	0	0	0	127	0	0	0	0	0	0	0	0	2777	0	0	0	0	0	0	4062	0	0	0	0	11795	0	0	0	0	0	60113	0	0	0	132956	0	0	0	0
FFQ	149	0	0	0	0	0	0	0	1	0	0	0	0	0	0	0	0	2711	0	0	0	0	0	0	4266	0	0	0	0	11795	0	0	0	0	0	61194	0	0	0	131863	0	0	0	0
FFQ	150	0	0	0	0	0	0	0	0	0	0	0	0	0	0	0	0	5541	0	0	0	0	0	0	6643	0	0	0	0	18837	0	0	0	0	0	86264	0	0	0	94545	0	0	0	0
# Last Fragment Qualities. Use `grep ^LFQ | cut -f 2-` to extract this part.
# Columns correspond to qualities and rows to cycles. First column is the cycle number.
LFQ	1	0	0	0	0	0	0	0	370	0	0	0	0	0	0	0	0	6609	0	0	0	0	0	0	1842	0	0	0	0	16998	0	0	0	0	0	186011	0	0	0	0	0	0	0	0
LFQ	2	0	0	0	0	0	0	0	431	0	0	0	0	0	0	0	0	6115	0	0	0	0	0	0	2012	0	0	0	0	15591	0	0	0	0	0	187681	0	0	0	0	0	0	0	0
LFQ	3	0	0	0	0	0	0	0	370	0	0	0	0	0	0	0	0	5704	0	0	0	0	0	0	2034	0	0	0	0	14750	0	0	0	0	0	188972	0	0	0	0	0	0	0	0
LFQ	4	0	0	0	0	0	0	0	358	0	0	0	0	0	0	0	0	5341	0	0	0	0	0	0	980	0	0	0	0	5961	0	0	0	0	0	16462	0	0	0	182728	0	0	0	0
LFQ	5	0	0	0	1	0	0	0	320	0	0	0	0	0	0	0	0	5177	0	0	0	0	0	0	910	0	0	0	0	5809	0	0	0	0	0	16042	0	0	0	183571	0	0	0	0
LFQ	6	0	0	0	0	0	0	0	814	0	0	0	0	0	0	0	0	4624	0	0	0	0	0	0	1179	0	0	0	0	5687	0	0	0	0	0	16846	0	0	0	182680	0	0	0	0
LFQ	7	0	0	0	0	0	0	0	778	0	0	0	0	0	0	0	0	5095	0	0	0	0	0	0	1194	0	0	0	0	5924	0	0	0	0	0	16811	0	0	0	182028	0	0	0	0
LFQ	8	0	0	0	0	0	0	0	701	0	0	0	0	0	0	0	0	4796	0	0	0	0	0	0	1105	0	0	0	0	5863	0	0	0	0	0	16789	0	0	0	182576	0	0	0	0
LFQ	9	0	0	0	0	0	0	0	774	0	0	0	0	0	0	0	0	5110	0	0	0	0	0	0	1192	0	0	0	0	6103	0	0	0	0	0	16858	0	0	0	181793	0	0	0	0
LFQ	10	0	0	0	0	0	0	0	605	0	0	0	0	0	0	0	0	4909	0	0	0	0	0	0	1100	0	0	0	0	5750	0	0	0	0	0	16487	0	0	0	182979	0	0	0	0
LFQ	11	0	0	0	0	0	0	0	562	0	0	0	0	0	0	0	0	4766	0	0	0	0	0	0	1044	0	0	0	0	5743	0	0	0	0	0	15706	0	0	0	184009	0	0	0	0
LFQ	12	0	0	0	0	0	0	0	593	0	0	0	0	0	0	0	0	4691	0	0	0	0	0	0	1130	0	0	0	0	5618	0	0	0	0	0	15773	0	0	0	184025	0	0	0	0
LFQ	13	0	0	0	1	0	0	0	866	0	0	0	0	0	0	0	0	5468	0	0	0	0	0	0	1441	0	0	0	0	6739	0	0	0	0	0	17611	0	0	0	179704	0	0	0	0
LFQ	14	0	0	0	0	0	0	0	862	0	0	0	0	0	0	0	0	5576	0	0	0	0	0	0	1369	0	0	0	0	6551	0	0	0	0	0	17264	0	0	0	52065	0	0	128143	0
LFQ	15	0	0	0	0	0	0	0	735	0	0	0	0	0	0	0	0	5134	0	0	0	0	0	0	1299	0	0	0	0	6308	0	0	0	0	0	16835	0	0	0	52428	0	0	129091	0
LFQ	16	0	0	0	0	0	0	0	898	0	0	0	0	0	0	0	0	5275	0	0	0	0	0	0	1411	0	0	0	0	6418	0	0	0	0	0	17145	0	0	0	52977	0	0	127706	0
LFQ	17	0	0	0	0	0	0	0	815	0	0	0	0	0	0	0	0	4831	0	0	0	0	0	0	1326	0	0	0	0	6104	0	0	0	0	0	16757	0	0	0	53135	0	0	128862	0
LFQ	18	0	0	0	0	0	0	0	729	0	0	0	0	0	0	0	0	4739	0	0	0	0	0	0	1308	0	0	0	0	5973	0	0	0	0	0	16644	0	0	0	52791	0	0	129646	0
LFQ	19	0	0	0	0	0	0	0	753	0	0	0	0	0	0	0	0	4576	0	0	0	0	0	0	1431	0	0	0	0	5852	0	0	0	0	0	16280	0	0	0	50750	0	0	132188	0
LFQ	20	0	0	0	0	0	0	0	877	0	0	0	0	0	0	0	0	4768	0	0	0	0	0	0	1569	0	0	0	0	5903	0	0	0	0	0	16370	0	0	0	51079	0	0	131264	0
LFQ	21	0	0	0	0	0	0	0	871	0	0	0	0	0	0	0	0	4566	0	0	0	0	0	0	1649	0	0	0	0	6013	0	0	0	0	0	16734	0	0	0	50950	0	0	131047	0
LFQ	22	0	0	0	0	0	0	0	899	0	0	0	0	0	0	0	0	4449	0	0	0	0	0	0	1678	0	0	0	0	5716	0	0	0	0	0	16902	0	0	0	52010	0	0	130176	0
LFQ	23	0	0	0	1	0	0	0	850	0	0	0	0	0	0	0	0	4186	0	0	0	0	0	0	1728	0	0	0	0	5734	0	0	0	0	0	16897	0	0	0	52514	0	0	129920	0
LFQ	24	0	0	0	1	0	0	0	1079	0	0	0	0	0	0	0	0	4294	0	0	0	0	0	0	1962	0	0	0	0	5901	0	0	0	0	0	17289	0	0	0	52508	0	0	128796	0
LFQ	25	0	0	0	0	0	0	0	1002	0	0	0	0	0	0	0	0	3976	0	0	0	0	0	0	1916	0	0	0	0	5675	0	0	0	0	0	16985	0	0	0	53168	0	0	129108	0
LFQ	26	0	0	0	0	0	0	0	1233	0	0	0	0	0	0	0	0	4111	0	0	0	0	0	0	2173	0	0	0	0	5802	0	0	0	0	0	17236	0	0	0	53567	0	0	127708	0
LFQ	27	0	0	0	0	0	0	0	1194	0	0	0	0	0	0	0	0	3893	0	0	0	0	0	0	2232	0	0	0	0	5805	0	0	0	0	0	17537	0	0	0	53632	0	0	127537	0
LFQ	28	0	0	0	0	0	0	0	1458	0	0	0	0	0	0	0	0	4044	0	0	0	0	0	0	2406	0	0	0	0	5733	0	0	0	0	0	17899	0	0	0	54326	0	0	125964	0
LFQ	29	0	0	0	0	0	0	0	1430	0	0	0	0	0	0	0	0	3805	0	0	0	0	0	0	2494	0	0	0	0	5653	0	0	0	0	0	17786	0	0	0	55780	0	0	124882	0
LFQ	30	0	0	0	0	0	0	0	1455	0	0	0	0	0	0	0	0	3433	0	0	0	0	0	0	2567	0	0	0	0	5557	0	0	0	0	0	17558	0	0	0	55783	0	0	125477	0
LFQ	31	0	0	0	1	0	0	0	1467	0	0	0	0	0	0	0	0	3315	0	0	0	0	0	0	2594	0	0	0	0	5367	0	0	0	0	0	17945	0	0	0	55888	0	0	125253	0
LFQ	32	0	0	0	0	0	0	0	1545	0	0	0	0	0	0	0	0	3195	0	0	0	0	0	0	2790	0	0	0	0	5641	0	0	0	0	0	18009	0	0	0	56346	0	0	124304	0
LFQ	33	0	0	0	0	0	0	0	1800	0	0	0	0	0	0	0	0	3288	0	0	0	0	0	0	2811	0	0	0	0	5705	0	0	0	0	0	18629	0	0	0	56887	0	0	122710	0
LFQ	34	0	0	0	0	0	0	0	1727	0	0	0	0	0	0	0	0	3113	0	0	0	0	0	0	2978	0	0	0	0	5731	0	0	0	0	0	18899	0	0	0	57226	0	0	122156	0
LFQ	35	0	0	0	0	0	0	0	1764	0	0	0	0	0	0	0	0	2866	0	0	0	0	0	0	2872	0	0	0	0	5761	0	0	0	0	0	18754	0	0	0	58045	0	0	121768	0
LFQ	36	0	0	0	1	0	0	0	1917	0	0	0	0	0	0	0	0	2953	0	0	0	0	0	0	3131	0	0	0	0	5959	0	0	0	0	0	19088	0	0	0	59075	0	0	119706	0
LFQ	37	0	0	0	1	0	0	0	1934	0	0	0	0	0	0	0	0	2861	0	0	0	0	0	0	3120	0	0	0	0	5929	0	0	0	0	0	19151	0	0	0	59703	0	0	119131	0
LFQ	38	0	0	0	0	0	0	0	1848	0	0	0	0	0	0	0	0	2751	0	0	0	0	0	0	3393	0	0	0	0	6092	0	0	0	0	0	19754	0	0	0	60130	0	0	117862	0
LFQ	39	0	0	0	0	0	0	0	1840	0	0	0	0	0	0	0	0	2845	0	0	0	0	0	0	3444	0	0	0	0	6173	0	0	0	0	0	19760	0	0	0	62953	0	0	114815	0
LFQ	40	0	0	0	1	0	0	0	1783	0	0	0	0	0	0	0	0	2798	0	0	0	0	0	0	3531	0	0	0	0	6217	0	0	0	0	0	20128	0	0	0	63684	0	0	113688	0
LFQ	41	0	0	0	0	0	0	0	1970	0	0	0	0	0	0	0	0	2932	0	0	0	0	0	0	3675	0	0	0	0	6476	0	0	0	0	0	21098	0	0	0	66125	0	0	109554	0
LFQ	42	0	0	0	0	0	0	0	1788	0	0	0	0	0	0	0	0	2988	0	0	0	0	0	0	3792	0	0	0	0	6681	0	0	0	0	0	22019	0	0	0	68819	0	0	105743	0
LFQ	43	0	0	0	0	0	0	0	1889	0	0	0	0	0	0	0	0	3021	0	0	0	0	0	0	3991	0	0	0	0	6702	0	0	0	0	0	22533	0	0	0	69972	0	0	103722	0
LFQ	44	0	0	0	0	0	0	0	1893	0	0	0	0	0	0	0	0	3058	0	0	0	0	0	0	4187	0	0	0	0	7006	0	0	0	0	0	22943	0	0	0	70804	0	0	101939	0
LFQ	45	0	0	0	2	0	0	0	1817	0	0	0	0	0	0	0	0	2896	0	0	0	0	0	0	4373	0	0	0	0	7149	0	0	0	0	0	23543	0	0	0	72163	0	0	99887	0
LFQ	46	0	0	0	1	0	0	0	1849	0	0	0	0	0	0	0	0	2750	0	0	0	0	0	0	4418	0	0	0	0	7252	0	0	0	0	0	23972	0	0	0	73473	0	0	98115	0
LFQ	47	0	0	0	0	0	0	0	1834	0	0	0	0	0	0	0	0	2868	0	0	0	0	0	0	4665	0	0	0	0	7501	0	0	0	0	0	24997	0	0	0	75974	0	0	93991	0
LFQ	48	0	0	0	0	0	0	0	1793	0	0	0	0	0	0	0	0	2941	0	0	0	0	0	0	4891	0	0	0	0	7667	0	0	0	0	0	25383	0	0	0	77204	0	0	91951	0
LFQ	49	0	0	0	0	0	0	0	1811	0	0	0	0	0	0	0	0	2992	0	0	0	0	0	0	4955	0	0	0	0	8190	0	0	0	0	0	26724	0	0	0	77887	0	0	89271	0
LFQ	50	0	0	0	1	0	0	0	1855	0	0	0	0	0	0	0	0	3029	0	0	0	0	0	0	5194	0	0	0	0	8184	0	0	0	0	0	27477	0	0	0	78580	0	0	87510	0
LFQ	51	0	0	0	0	0	0	0	1886	0	0	0	0	0	0	0	0	3025	0	0	0	0	0	0	5249	0	0	0	0	8257	0	0	0	0	0	28107	0	0	0	79975	0	0	85331	0
LFQ	52	0	0	0	0	0	0	0	1762	0	0	0	0	0	0	0	0	3025	0	0	0	0	0	0	5266	0	0	0	0	8451	0	0	0	0	0	28886	0	0	0	81604	0	0	82836	0
LFQ	53	0	0	0	0	0	0	0	1872	0	0	0	0	0	0	0	0	3074	0	0	0	0	0	0	5607	0	0	0	0	8859	0	0	0	0	0	30118	0	0	0	83636	0	0	78664	0
LFQ	54	0	0	0	0	0	0	0	1979	0	0	0	0	0	0	0	0	3314	0	0	0	0	0	0	5812	0	0	0	0	9372	0	0	0	0	0	30872	0	0	0	85601	0	0	74880	0
LFQ	55	0	0	0	1	0	0	0	1848	0	0	0	0	0	0	0	0	3261	0	0	0	0	0	0	5523	0	0	0	0	10282	0	0	0	0	0	31650	0	0	0	87353	0	0	71912	0
LFQ	56	0	0	0	0	0	0	0	1930	0	0	0	0	0	0	0	0	3270	0	0	0	0	0	0	5637	0	0	0	0	10722	0	0	0	0	0	32726	0	0	0	88561	0	0	68984	0
LFQ	57	0	0	0	0	0	0	0	1915	0	0	0	0	0	0	0	0	3351	0	0	0	0	0	0	5606	0	0	0	0	10788	0	0	0	0	0	34162	0	0	0	90304	0	0	65704	0
LFQ	58	0	0	0	1	0	0	0	1836	0	0	0	0	0	0	0	0	3213	0	0	0	0	0	0	5556	0	0	0	0	10824	0	0	0	0	0	34925	0	0	0	93577	0	0	61898	0
LFQ	59	0	0	0	0	0	0	0	1842	0	0	0	0	0	0	0	0	3259	0	0	0	0	0	0	5176	0	0	0	0	11502	0	0	0	0	0	35449	0	0	0	95283	0	0	59319	0
LFQ	60	0	0	0	0	0	0	0	2025	0	0	0	0	0	0	0	0	3443	0	0	0	0	0	0	5301	0	0	0	0	12361	0	0	0	0	0	36881	0	0	0	95978	0	0	55841	0
LFQ	61	0	0	0	0	0	0	0	1719	0	0	0	0	0	0	0	0	3150	0	0	0	0	0	0	5023	0	0	0	0	11560	0	0	0	0	0	36606	0	0	0	99017	0	0	54755	0
LFQ	62	0	0	0	0	0	0	0	1812	0	0	0	0	0	0	0	0	3344	0	0	0	0	0	0	5190	0	0	0	0	11866	0	0	0	0	0	36579	0	0	0	101460	0	0	51579	0
LFQ	63	0	0	0	0	0	0	0	1741	0	0	0	0	0	0	0	0	3298	0	0	0	0	0	0	5200	0	0	0	0	11713	0	0	0	0	0	37732	0	0	0	102865	0	0	49281	0
LFQ	64	0	0	0	1	0	0	0	1719	0	0	0	0	0	0	0	0	3470	0	0	0	0	0	0	5471	0	0	0	0	12252	0	0	0	0	0	38583	0	0	0	104070	0	0	46264	0
LFQ	65	0	0	0	1	0	0	0	1744	0	0	0	0	0	0	0	0	3542	0	0	0	0	0	0	5456	0	0	0	0	12439	0	0	0	0	0	39661	0	0	0	105353	0	0	43634	0
LFQ	66	0	0	0	0	0	0	0	1734	0	0	0	0	0	0	0	0	3512	0	0	0	0	0	0	5513	0	0	0	0	12586	0	0	0	0	0	41023	0	0	0	106912	0	0	40550	0
LFQ	67	0	0	0	0	0	0	0	1848	0	0	0	0	0	0	0	0	3525	0	0	0	0	0	0	5607	0	0	0	0	12908	0	0	0	0	0	42082	0	0	0	108855	0	0	37005	0
LFQ	68	0	0	0	0	0	0	0	1673	0	0	0	0	0	0	0	0	3589	0	0	0	0	0	0	5431	0	0	0	0	13031	0	0	0	0	0	42655	0	0	0	111824	0	0	33627	0
LFQ	69	0	0	0	1	0	0	0	1752	0	0	0	0	0	0	0	0	3702	0	0	0	0	0	0	5551	0	0	0	0	13208	0	0	0	0	0	43742	0	0	0	113606	0	0	30268	0
LFQ	70	0	0	0	0	0	0	0	1725	0	0	0	0	0	0	0	0	3737	0	0	0	0	0	0	5564	0	0	0	0	13397	0	0	0	0	0	45031	0	0	0	115076	0	0	27300	0
LFQ	71	0	0	0	0	0	0	0	1785	0	0	0	0	0	0	0	0	3540	0	0	0	0	0	0	5751	0	0	0	0	13489	0	0	0	0	0	45883	0	0	0	117050	0	0	24332	0
LFQ	72	0	0	0	0	0	0	0	1780	0	0	0	0	0	0	0	0	3641	0	0	0	0	0	0	5605	0	0	0	0	13680	0	0	0	0	0	46823	0	0	0	118458	0	0	21843	0
LFQ	73	0	0	0	0	0	0	0	1940	0	0	0	0	0	0	0	0	3803	0	0	0	0	0	0	5968	0	0	0	0	14224	0	0	0	0	0	49052	0	0	0	117322	0	0	19521	0
LFQ	74	0	0	0	0	0	0	0	1911	0	0	0	0	0	0	0	0	3927	0	0	0	0	0	0	5932	0	0	0	0	14396	0	0	0	0	0	49476	0	0	0	118846	0	0	17342	0
LFQ	75	0	0	0	0	0	0	0	1947	0	0	0	0	0	0	0	0	4066	0	0	0	0	0	0	6197	0	0	0	0	14452	0	0	0	0	0	50200	0	0	0	119173	0	0	15795	0
LFQ	76	0	0	0	0	0	0	0	1886	0	0	0	0	0	0	0	0	4208	0	0	0	0	0	0	6430	0	0	0	0	14908	0	0	0	0	0	51551	0	0	0	118850	0	0	13997	0
LFQ	77	0	0	0	1	0	0	0	1875	0	0	0	0	0	0	0	0	4083	0	0	0	0	0	0	6447	0	0	0	0	15062	0	0	0	0	0	54139	0	0	0	118058	0	0	12165	0
LFQ	78	0	0	0	0	0	0	0	1861	0	0	0	0	0	0	0	0	4086	0	0	0	0	0	0	6249	0	0	0	0	15049	0	0	0	0	0	54836	0	0	0	122008	0	0	7741	0
LFQ	79	0	0	0	0	0	0	0	1811	0	0	0	0	0	0	0	0	4328	0	0	0	0	0	0	6233	0	0	0	0	15340	0	0	0	0	0	55003	0	0	0	123601	0	0	5514	0
LFQ	80	0	0	0	0	0	0	0	2001	0	0	0	0	0	0	0	0	4234	0	0	0	0	0	0	6419	0	0	0	0	15291	0	0	0	0	0	55672	0	0	0	125109	0	0	3104	0
LFQ	81	0	0	0	0	0	0	0	2021	0	0	0	0	0	0	0	0	4477	0	0	0	0	0	0	6571	0	0	0	0	15409	0	0	0	0	0	57140	0	0	0	124018	0	0	2194	0
LFQ	82	0	0	0	0	0	0	0	2040	0	0	0	0	0	0	0	0	4541	0	0	0	0	0	0	6609	0	0	0	0	15617	0	0	0	0	0	57895	0	0	0	123510	0	0	1618	0
LFQ	83	0	0	0	0	0	0	0	2035	0	0	0	0	0	0	0	0	4675	0	0	0	0	0	0	6706	0	0	0	0	15827	0	0	0	0	0	58539	0	0	0	122938	0	0	1110	0
LFQ	84	0	0	0	0	0	0	0	2057	0	0	0	0	0	0	0	0	4790	0	0	0	0	0	0	7046	0	0	0	0	16246	0	0	0	0	0	59659	0	0	0	121244	0	0	788	0
LFQ	85	0	0	0	0	0	0	0	2050	0	0	0	0	0	0	0	0	4828	0	0	0	0	0	0	6781	0	0	0	0	16115	0	0	0	0	0	60480	0	0	0	121064	0	0	512	0
LFQ	86	0	0	0	0	0	0	0	1664	0	0	0	0	0	0	0	0	4099	0	0	0	0	0	0	5979	0	0	0	0	14939	0	0	0	0	0	58327	0	0	0	126439	0	0	383	0
LFQ	87	0	0	0	0	0	0	0	1682	0	0	0	0	0	0	0	0	4166	0	0	0	0	0	0	5654	0	0	0	0	14352	0	0	0	0	0	57019	0	0	0	128716	0	0	241	0
LFQ	88	0	0	0	0	0	0	0	1661	0	0	0	0	0	0	0	0	4184	0	0	0	0	0	0	5497	0	0	0	0	14127	0	0	0	0	0	56387	0	0	0	129819	0	0	155	0
LFQ	89	0	0	0	1	0	0	0	1716	0	0	0	0	0	0	0	0	4170	0	0	0	0	0	0	5746	0	0	0	0	14146	0	0	0	0	0	55604	0	0	0	130349	0	0	98	0
LFQ	90	0	0	0	0	0	0	0	1816	0	0	0	0	0	0	0	0	4488	0	0	0	0	0	0	5856	0	0	0	0	14295	0	0	0	0	0	55861	0	0	0	129447	0	0	67	0
LFQ	91	0	0	0	1	0	0	0	1651	0	0	0	0	0	0	0	0	4417	0	0	0	0	0	0	5763	0	0	0	0	14281	0	0	0	0	0	56733	0	0	0	128940	0	0	44	0
LFQ	92	0	0	0	0	0	0	0	1809	0	0	0	0	0	0	0	0	4541	0	0	0	0	0	0	5723	0	0	0	0	14713	0	0	0	0	0	56562	0	0	0	128457	0	0	25	0
LFQ	93	0	0	0	0	0	0	0	1713	0	0	0	0	0	0	0	0	4524	0	0	0	0	0	0	5708	0	0	0	0	14450	0	0	0	0	0	57002	0	0	0	128420	0	0	13	0
LFQ	94	0	0	0	0	0	0	0	1576	0	0	0	0	0	0	0	0	4468	0	0	0	0	0	0	5562	0	0	0	0	14198	0	0	0	0	0	57128	0	0	0	128890	0	0	8	0
LFQ	95	0	0	0	0	0	0	0	1722	0	0	0	0	0	0	0	0	4530	0	0	0	0	0	0	5612	0	0	0	0	14642	0	0	0	0	0	58216	0	0	0	127106	0	0	2	0
LFQ	96	0	0	0	1	0	0	0	1599	0	0	0	0	0	0	0	0	4546	0	0	0	0	0	0	5604	0	0	0	0	14425	0	0	0	0	0	58094	0	0	0	127559	0	0	2	0
LFQ	97	0	0	0	1	0	0	0	1568	0	0	0	0	0	0	0	0	4612	0	0	0	0	0	0	5586	0	0	0	0	14202	0	0	0	0	0	57900	0	0	0	127961	0	0	0	0
LFQ	98	0	0	0	0	0	0	0	1606	0	0	0	0	0	0	0	0	4518	0	0	0	0	0	0	5599	0	0	0	0	14373	0	0	0	0	0	58542	0	0	0	127190	0	0	2	0
LFQ	99	0	0	0	0	0	0	0	1584	0	0	0	0	0	0	0	0	4445	0	0	0	0	0	0	5458	0	0	0	0	14558	0	0	0	0	0	58295	0	0	0	127489	0	0	1	0
LFQ	100	0	0	0	0	0	0	0	1607	0	0	0	0	0	0	0	0	4484	0	0	0	0	0	0	5465	0	0	0	0	14070	0	0	0	0	0	57837	0	0	0	128367	0	0	0	0
LFQ	101	0	0	0	1	0	0	0	1596	0	0	0	0	0	0	0	0	4524	0	0	0	0	0	0	5672	0	0	0	0	14403	0	0	0	0	0	58436	0	0	0	127198	0	0	0	0
LFQ	102	0	0	0	0	0	0	0	1654	0	0	0	0	0	0	0	0	6114	0	0	0	0	0	0	8320	0	0	0	0	22992	0	0	0	0	0	100063	0	0	0	72687	0	0	0	0
LFQ	103	0	0	0	0	0	0	0	1639	0	0	0	0	0	0	0	0	5234	0	0	0	0	0	0	6709	0	0	0	0	17799	0	0	0	0	0	84137	0	0	0	0	0	0	96312	0
LFQ	104	0	0	0	1	0	0	0	1542	0	0	0	0	0	0	0	0	5017	0	0	0	0	0	0	6141	0	0	0	0	15644	0	0	0	0	0	67821	0	0	0	0	0	0	115664	0
LFQ	105	0	0	0	0	0	0	0	1477	0	0	0	0	0	0	0	0	4740	0	0	0	0	0	0	5798	0	0	0	0	14375	0	0	0	0	0	61166	0	0	0	0	0	0	124274	0
LFQ	106	0	0	0	0	0	0	0	1401	0	0	0	0	0	0	0	0	4502	0	0	0	0	0	0	5560	0	0	0	0	14066	0	0	0	0	0	59480	0	0	0	0	0	0	126821	0
LFQ	107	0	0	0	0	0	0	0	1427	0	0	0	0	0	0	0	0	4578	0	0	0	0	0	0	5175	0	0	0	0	13685	0	0	0	0	0	58584	0	0	0	0	0	0	128381	0
LFQ	108	0	0	0	0	0	0	0	1397	0	0	0	0	0	0	0	0	4661	0	0	0	0	0	0	5182	0	0	0	0	13836	0	0	0	0	0	56904	0	0	0	129850	0	0	0	0
LFQ	109	0	0	0	1	0	0	0	1497	0	0	0	0	0	0	0	0	4652	0	0	0	0	0	0	5269	0	0	0	0	13695	0	0	0	0	0	56820	0	0	0	129896	0	0	0	0
LFQ	110	0	0	0	0	0	0	0	1384	0	0	0	0	0	0	0	0	4680	0	0	0	0	0	0	5366	0	0	0	0	13691	0	0	0	0	0	57078	0	0	0	129631	0	0	0	0
LFQ	111	0	0	0	1	0	0	0	1341	0	0	0	0	0	0	0	0	4547	0	0	0	0	0	0	5324	0	0	0	0	13891	0	0	0	0	0	56910	0	0	0	129816	0	0	0	0
LFQ	112	0	0	0	0	0	0	0	1450	0	0	0	0	0	0	0	0	4705	0	0	0	0	0	0	5506	0	0	0	0	13699	0	0	0	0	0	57116	0	0	0	129354	0	0	0	0
LFQ	113	0	0	0	0	0	0	0	1511	0	0	0	0	0	0	0	0	4766	0	0	0	0	0	0	5576	0	0	0	0	13898	0	0	0	0	0	57198	0	0	0	128881	0	0	0	0
LFQ	114	0	0	0	0	0	0	0	1471	0	0	0	0	0	0	0	0	4792	0	0	0	0	0	0	5406	0	0	0	0	14082	0	0	0	0	0	58077	0	0	0	128002	0	0	0	0
LFQ	115	0	0	0	0	0	0	0	1367	0	0	0	0	0	0	0	0	4767	0	0	0	0	0	0	5468	0	0	0	0	14096	0	0	0	0	0	57676	0	0	0	128456	0	0	0	0
LFQ	116	0	0	0	0	0	0	0	1394	0	0	0	0	0	0	0	0	4836	0	0	0	0	0	0	5378	0	0	0	0	14028	0	0	0	0	0	58199	0	0	0	127995	0	0	0	0
LFQ	117	0	0	0	0	0	0	0	1364	0	0	0	0	0	0	0	0	4676	0	0	0	0	0	0	5481	0	0	0	0	14087	0	0	0	0	0	57981	0	0	0	128241	0	0	0	0
LFQ	118	0	0	0	0	0	0	0	1500	0	0	0	0	0	0	0	0	4903	0	0	0	0	0	0	5488	0	0	0	0	13917	0	0	0	0	0	57426	0	0	0	128596	0	0	0	0
LFQ	119	0	0	0	0	0	0	0	1656	0	0	0	0	0	0	0	0	5315	0	0	0	0	0	0	5763	0	0	0	0	13885	0	0	0	0	0	57561	0	0	0	127650	0	0	0	0
LFQ	120	0	0	0	0	0	0	0	1451	0	0	0	0	0	0	0	0	5006	0	0	0	0	0	0	5835	0	0	0	0	14258	0	0	0	0	0	57879	0	0	0	127401	0	0	0	0
LFQ	121	0	0	0	1	0	0	0	1518	0	0	0	0	0	0	0	0	5189	0	0	0	0	0	0	5665	0	0	0	0	14379	0	0	0	0	0	58271	0	0	0	126807	0	0	0	0
LFQ	122	0	0	0	0	0	0	0	1624	0	0	0	0	0	0	0	0	4935	0	0	0	0	0	0	5959	0	0	0	0	14165	0	0	0	0	0	58819	0	0	0	126328	0	0	0	0
LFQ	123	0	0	0	0	0	0	0	1547	0	0	0	0	0	0	0	0	4901	0	0	0	0	0	0	5671	0	0	0	0	14286	0	0	0	0	0	59105	0	0	0	126320	0	0	0	0
LFQ	124	0	0	0	0	0	0	0	1415	0	0	0	0	0	0	0	0	4833	0	0	0	0	0	0	5535	0	0	0	0	14132	0	0	0	0	0	59361	0	0	0	126554	0	0	0	0
LFQ	125	0	0	0	0	0	0	0	1515	0	0	0	0	0	0	0	0	5047	0	0	0	0	0	0	5379	0	0	0	0	14569	0	0	0	0	0	59848	0	0	0	125472	0	0	0	0
LFQ	126	0	0	0	0	0	0	0	1470	0	0	0	0	0	0	0	0	4863	0	0	0	0	0	0	5425	0	0	0	0	14304	0	0	0	0	0	59352	0	0	0	126416	0	0	0	0
LFQ	127	0	0	0	1	0	0	0	1483	0	0	0	0	0	0	0	0	4990	0	0	0	0	0	0	5559	0	0	0	0	14424	0	0	0	0	0	59375	0	0	0	125998	0	0	0	0
LFQ	128	0	0	0	0	0	0	0	1416	0	0	0	0	0	0	0	0	4926	0	0	0	0	0	0	5665	0	0	0	0	14228	0	0	0	0	0	60473	0	0	0	125122	0	0	0	0
LFQ	129	0	0	0	0	0	0	0	1427	0	0	0	0	0	0	0	0	4900	0	0	0	0	0	0	5655	0	0	0	0	14154	0	0	0	0	0	60365	0	0	0	125329	0	0	0	0
LFQ	130	0	0	0	0	0	0	0	1443	0	0	0	0	0	0	0	0	4861	0	0	0	0	0	0	5616	0	0	0	0	14333	0	0	0	0	0	60151	0	0	0	125426	0	0	0	0
LFQ	131	0	0	0	1	0	0	0	1397	0	0	0	0	0	0	0	0	4939	0	0	0	0	0	0	5687	0	0	0	0	14561	0	0	0	0	0	61565	0	0	0	123680	0	0	0	0
LFQ	132	0	0	0	0	0	0	0	1373	0	0	0	0	0	0	0	0	4874	0	0	0	0	0	0	5619	0	0	0	0	14543	0	0	0	0	0	61281	0	0	0	124140	0	0	0	0
LFQ	133	0	0	0	0	0	0	0	1332	0	0	0	0	0	0	0	0	4939	0	0	0	0	0	0	5341	0	0	0	0	14451	0	0	0	0	0	60568	0	0	0	125199	0	0	0	0
LFQ	134	0	0	0	0	0	0	0	1260	0	0	0	0	0	0	0	0	4721	0	0	0	0	0	0	5296	0	0	0	0	14569	0	0	0	0	0	61056	0	0	0	124928	0	0	0	0
LFQ	135	0	0	0	0	0	0	0	1222	0	0	0	0	0	0	0	0	4742	0	0	0	0	0	0	5107	0	0	0	0	14295	0	0	0	0	0	62472	0	0	0	123992	0	0	0	0
LFQ	136	0	0	0	1	0	0	0	1195	0	0	0	0	0	0	0	0	4740	0	0	0	0	0	0	5295	0	0	0	0	14376	0	0	0	0	0	62030	0	0	0	124193	0	0	0	0
LFQ	137	0	0	0	0	0	0	0	1200	0	0	0	0	0	0	0	0	4694	0	0	0	0	0	0	5258	0	0	0	0	14459	0	0	0	0	0	63186	0	0	0	123033	0	0	0	0
LFQ	138	0	0	0	0	0	0	0	1188	0	0	0	0	0	0	0	0	4789	0	0	0	0	0	0	5361	0	0	0	0	14557	0	0	0	0	0	63427	0	0	0	122508	0	0	0	0
LFQ	139	0	0	0	0	0	0	0	1119	0	0	0	0	0	0	0	0	4601	0	0	0	0	0	0	5223	0	0	0	0	14805	0	0	0	0	0	63117	0	0	0	122965	0	0	0	0
LFQ	140	0	0	0	0	0	0	0	1154	0	0	0	0	0	0	0	0	4619	0	0	0	0	0	0	5323	0	0	0	0	14789	0	0	0	0	0	63042	0	0	0	122903	0	0	0	0
LFQ	141	0	0	0	0	0	0	0	978	0	0	0	0	0	0	0	0	4384	0	0	0	0	0	0	5413	0	0	0	0	14595	0	0	0	0	0	63525	0	0	0	122935	0	0	0	0
LFQ	142	0	0	0	0	0	0	0	1172	0	0	0	0	0	0	0	0	4401	0	0	0	0	0	0	5354	0	0	0	0	14429	0	0	0	0	0	63732	0	0	0	122742	0	0	0	0
LFQ	143	0	0	0	1	0	0	0	981	0	0	0	0	0	0	0	0	4411	0	0	0	0	0	0	5413	0	0	0	0	14331	0	0	0	0	0	64012	0	0	0	122681	0	0	0	0
LFQ	144	0	0	0	0	0	0	0	949	0	0	0	0	0	0	0	0	4329	0	0	0	0	0	0	5616	0	0	0	0	14678	0	0	0	0	0	64726	0	0	0	121532	0	0	0	0
LFQ	145	0	0	0	0	0	0	0	805	0	0	0	0	0	0	0	0	4076	0	0	0	0	0	0	5383	0	0	0	0	14524	0	0	0	0	0	65516	0	0	0	121526	0	0	0	0
LFQ	146	0	0	0	0	0	0	0	674	0	0	0	0	0	0	0	0	4061	0	0	0	0	0	0	5393	0	0	0	0	14247	0	0	0	0	0	65925	0	0	0	121530	0	0	0	0
LFQ	147	0	0	0	0	0	0	0	403	0	0	0	0	0	0	0	0	3826	0	0	0	0	0	0	5220	0	0	0	0	14387	0	0	0	0	0	65708	0	0	0	122286	0	0	0	0
LFQ	148	0	0	0	1	0	0	0	169	0	0	0	0	0	0	0	0	3775	0	0	0	0	0	0	5276	0	0	0	0	14636	0	0	0	0	0	66764	0	0	0	121209	0	0	0	0
LFQ	149	0	0	0	0	0	0	0	0	0	0	0	0	0	0	0	0	3742	0	0	0	0	0	0	5380	0	0	0	0	14320	0	0	0	0	0	67489	0	0	0	120899	0	0	0	0
LFQ	150	0	0	0	2	0	0	0	0	0	0	0	0	0	0	0	0	8033	0	0	0	0	0	0	8938	0	0	0	0	23983	0	0	0	0	0	92332	0	0	0	78542	0	0	0	0
# GC Content of first fragments. Use `grep ^GCF | cut -f 2-` to extract this part.
GCF	6.28	0
GCF	12.81	1
GCF	13.32	0
GCF	14.07	3
GCF	14.82	6
GCF	15.33	11
GCF	16.08	16
GCF	16.83	30
GCF	17.34	42
GCF	18.09	51
GCF	18.84	92
GCF	19.35	144
GCF	20.10	163
GCF	20.85	223
GCF	21.36	282
GCF	22.11	318
GCF	22.86	431
GCF	23.37	568
GCF	24.12	731
GCF	24.87	953
GCF	25.38	1048
GCF	26.13	1212
GCF	26.88	1476
GCF	27.39	1740
GCF	28.14	2042
GCF	28.89	2394
GCF	29.40	2757
GCF	30.15	3305
GCF	30.90	3853
GCF	31.41	4384
GCF	32.16	5122
GCF	32.91	5727
GCF	33.42	6564
GCF	33.92	7405
GCF	34.67	8116
GCF	35.43	8707
GCF	35.93	9462
GCF	36.68	9856
GCF	37.44	10571
GCF	37.94	10903
GCF	38.69	11094
GCF	39.45	10914
GCF	39.95	10586
GCF	40.70	10193
GCF	41.46	9243
GCF	41.96	8498
GCF	42.71	7548
GCF	43.47	6537
GCF	43.97	5609
GCF	44.72	4527
GCF	45.48	3685
GCF	45.98	2882
GCF	46.73	2205
GCF	47.49	1751
GCF	47.99	1340
GCF	48.74	956
GCF	49.50	749
GCF	50.00	566
GCF	50.75	463
GCF	51.51	371
GCF	52.01	318
GCF	52.76	223
GCF	53.52	179
GCF	54.02	135
GCF	54.77	120
GCF	55.53	93
GCF	56.03	66
GCF	56.78	67
GCF	57.54	51
GCF	58.04	34
GCF	58.79	52
GCF	59.55	22
GCF	60.05	16
GCF	60.80	15
GCF	61.56	5
GCF	62.06	2
GCF	63.07	3
# GC Content of last fragments. Use `grep ^GCL | cut -f 2-` to extract this part.
GCL	6.28	0
GCL	13.07	1
GCL	14.07	5
GCL	15.08	8
GCL	16.08	20
GCL	16.83	34
GCL	17.34	41
GCL	18.09	54
GCL	18.84	70
GCL	19.35	116
GCL	20.10	176
GCL	20.85	216
GCL	21.36	262
GCL	22.11	336
GCL	22.86	415
GCL	23.37	527
GCL	24.12	735
GCL	24.87	877
GCL	25.38	1072
GCL	26.13	1256
GCL	26.88	1483
GCL	27.39	1735
GCL	28.14	2096
GCL	28.89	2336
GCL	29.40	2850
GCL	30.15	3294
GCL	30.90	3885
GCL	31.41	4454
GCL	32.16	5112
GCL	32.91	5680
GCL	33.42	6582
GCL	33.92	7330
GCL	34.67	8044
GCL	35.43	8763
GCL	35.93	9496
GCL	36.68	9976
GCL	37.44	10411
GCL	38.44	11092
GCL	39.45	10774
GCL	39.95	10567
GCL	40.70	10112
GCL	41.46	9403
GCL	41.96	8284
GCL	42.71	7684
GCL	43.47	6528
GCL	43.97	5545
GCL	44.72	4553
GCL	45.48	3721
GCL	45.98	2871
GCL	46.73	2217
GCL	47.49	1738
GCL	47.99	1361
GCL	48.74	989
GCL	49.50	743
GCL	50.00	560
GCL	50.75	461
GCL	51.51	396
GCL	52.01	280
GCL	52.76	232
GCL	53.52	159
GCL	54.02	144
GCL	54.77	106
GCL	55.53	114
GCL	56.53	72
GCL	57.54	48
GCL	58.04	42
GCL	58.79	36
GCL	59.55	24
GCL	60.05	21
GCL	60.80	17
GCL	61.56	5
GCL	62.06	4
GCL	63.07	3
# ACGT content per cycle. Use `grep ^GCC | cut -f 2-` to extract this part. The columns are: cycle; A,C,G,T base counts as a percentage of all A/C/G/T bases [%]; and N and O counts as a percentage of all A/C/G/T bases [%]
GCC	1	30.68	19.27	18.45	31.61	0.00	0.00
GCC	2	30.70	19.25	18.45	31.60	0.00	0.00
GCC	3	30.63	19.22	18.52	31.63	0.00	0.00
GCC	4	30.58	19.15	18.54	31.73	0.00	0.00
GCC	5	30.78	19.14	18.48	31.61	0.00	0.00
GCC	6	30.68	19.05	18.62	31.64	0.00	0.00
GCC	7	30.67	19.22	18.45	31.65	0.00	0.00
GCC	8	30.74	19.20	18.54	31.52	0.00	0.00
GCC	9	30.58	19.25	18.63	31.54	0.00	0.00
GCC	10	30.64	19.15	18.45	31.77	0.00	0.00
GCC	11	30.66	19.08	18.46	31.80	0.00	0.00
GCC	12	30.60	19.21	18.55	31.65	0.00	0.00
GCC	13	30.53	19.28	18.54	31.65	0.00	0.00
GCC	14	30.56	19.22	18.49	31.74	0.00	0.00
GCC	15	30.61	19.25	18.43	31.70	0.00	0.00
GCC	16	30.60	19.30	18.44	31.66	0.00	0.00
GCC	17	30.71	19.24	18.39	31.67	0.00	0.00
GCC	18	30.70	19.15	18.54	31.61	0.00	0.00
GCC	19	30.62	19.25	18.52	31.60	0.00	0.00
GCC	20	30.59	19.19	18.57	31.65	0.00	0.00
GCC	21	30.70	19.25	18.49	31.55	0.00	0.00
GCC	22	30.81	19.07	18.52	31.60	0.00	0.00
GCC	23	30.63	19.20	18.50	31.66	0.00	0.00
GCC	24	30.63	19.39	18.48	31.50	0.00	0.00
GCC	25	30.69	19.22	18.44	31.64	0.00	0.00
GCC	26	30.68	19.17	18.51	31.65	0.00	0.00
GCC	27	30.59	19.19	18.43	31.79	0.00	0.00
GCC	28	30.68	19.19	18.52	31.61	0.00	0.00
GCC	29	30.73	19.19	18.50	31.57	0.00	0.00
GCC	30	30.69	19.10	18.47	31.74	0.00	0.00
GCC	31	30.82	19.20	18.39	31.59	0.00	0.00
GCC	32	30.67	19.20	18.49	31.64	0.00	0.00
GCC	33	30.63	19.24	18.52	31.61	0.00	0.00
GCC	34	30.73	19.23	18.50	31.55	0.00	0.00
GCC	35	30.71	19.22	18.52	31.54	0.00	0.00
GCC	36	30.57	19.35	18.57	31.51	0.00	0.00
GCC	37	30.70	19.25	18.46	31.59	0.00	0.00
GCC	38	30.68	19.28	18.48	31.57	0.00	0.00
GCC	39	30.62	19.24	18.59	31.54	0.00	0.00
GCC	40	30.64	19.20	18.62	31.53	0.00	0.00
GCC	41	30.57	19.30	18.48	31.66	0.00	0.00
GCC	42	30.64	19.23	18.52	31.61	0.00	0.00
GCC	43	30.73	19.20	18.49	31.57	0.00	0.00
GCC	44	30.57	19.20	18.57	31.66	0.00	0.00
GCC	45	30.65	19.24	18.56	31.55	0.00	0.00
GCC	46	30.55	19.31	18.48	31.66	0.00	0.00
GCC	47	30.62	19.20	18.51	31.68	0.00	0.00
GCC	48	30.60	19.26	18.49	31.65	0.00	0.00
GCC	49	30.63	19.22	18.54	31.61	0.00	0.00
GCC	50	30.73	19.18	18.51	31.58	0.00	0.00
GCC	51	30.67	19.25	18.51	31.57	0.00	0.00
GCC	52	30.73	19.21	18.42	31.64	0.00	0.00
GCC	53	30.63	19.20	18.57	31.61	0.00	0.00
GCC	54	30.56	19.27	18.47	31.71	0.00	0.00
GCC	55	30.65	19.18	18.55	31.62	0.00	0.00
GCC	56	30.57	19.17	18.56	31.70	0.00	0.00
GCC	57	30.67	19.14	18.57	31.62	0.00	0.00
GCC	58	30.65	19.13	18.52	31.70	0.00	0.00
GCC	59	30.61	19.19	18.51	31.68	0.00	0.00
GCC	60	30.60	19.09	18.61	31.70	0.00	0.00
GCC	61	30.69	19.23	18.49	31.59	0.00	0.00
GCC	62	30.69	19.12	18.57	31.62	0.00	0.00
GCC	63	30.53	19.21	18.51	31.75	0.00	0.00
GCC	64	30.64	19.21	18.54	31.61	0.00	0.00
GCC	65	30.66	19.21	18.60	31.53	0.00	0.00
GCC	66	30.65	19.21	18.45	31.68	0.00	0.00
GCC	67	30.79	19.07	18.46	31.68	0.00	0.00
GCC	68	30.66	19.19	18.49	31.66	0.00	0.00
GCC	69	30.69	19.18	18.62	31.51	0.00	0.00
GCC	70	30.53	19.26	18.54	31.67	0.00	0.00
GCC	71	30.57	19.34	18.42	31.67	0.00	0.00
GCC	72	30.59	19.12	18.56	31.73	0.00	0.00
GCC	73	30.66	19.24	18.49	31.61	0.00	0.00
GCC	74	30.58	19.25	18.60	31.58	0.00	0.00
GCC	75	30.73	19.13	18.48	31.67	0.00	0.00
GCC	76	30.74	19.19	18.51	31.56	0.00	0.00
GCC	77	30.69	19.20	18.43	31.68	0.00	0.00
GCC	78	30.64	19.30	18.49	31.57	0.00	0.00
GCC	79	30.65	19.22	18.48	31.65	0.00	0.00
GCC	80	30.69	19.18	18.60	31.53	0.00	0.00
GCC	81	30.75	19.19	18.50	31.57	0.00	0.00
GCC	82	30.56	19.16	18.57	31.71	0.00	0.00
GCC	83	30.57	19.29	18.50	31.64	0.00	0.00
GCC	84	30.57	19.27	18.48	31.69	0.00	0.00
GCC	85	30.58	19.24	18.41	31.77	0.00	0.00
GCC	86	30.61	19.26	18.50	31.63	0.00	0.00
GCC	87	30.66	19.17	18.56	31.60	0.00	0.00
GCC	88	30.56	19.32	18.51	31.61	0.00	0.00
GCC	89	30.64	19.21	18.47	31.68	0.00	0.00
GCC	90	30.64	19.19	18.53	31.64	0.00	0.00
GCC	91	30.57	19.25	18.58	31.60	0.00	0.00
GCC	92	30.64	19.19	18.39	31.77	0.00	0.00
GCC	93	30.62	19.20	18.57	31.62	0.00	0.00
GCC	94	30.62	19.27	18.57	31.54	0.00	0.00
GCC	95	30.74	19.12	18.50	31.64	0.00	0.00
GCC	96	30.77	19.13	18.42	31.68	0.00	0.00
GCC	97	30.64	19.30	18.40	31.66	0.00	0.00
GCC	98	30.70	19.11	18.53	31.67	0.00	0.00
GCC	99	30.66	19.17	18.58	31.58	0.00	0.00
GCC	100	30.75	19.21	18.49	31.55	0.00	0.00
GCC	101	30.69	19.20	18.46	31.65	0.00	0.00
GCC	102	30.59	19.24	18.53	31.64	0.00	0.00
GCC	103	30.74	19.26	18.53	31.48	0.00	0.00
GCC	104	30.71	19.29	18.40	31.60	0.00	0.00
GCC	105	30.82	19.14	18.50	31.53	0.00	0.00
GCC	106	30.59	19.18	18.56	31.66	0.00	0.00
GCC	107	30.50	19.36	18.53	31.62	0.00	0.00
GCC	108	30.65	19.18	18.43	31.74	0.00	0.00
GCC	109	30.62	19.26	18.57	31.55	0.00	0.00
GCC	110	30.69	19.23	18.49	31.58	0.00	0.00
GCC	111	30.73	19.15	18.55	31.57	0.00	0.00
GCC	112	30.72	19.26	18.58	31.45	0.00	0.00
GCC	113	30.61	19.20	18.51	31.68	0.00	0.00
GCC	114	30.63	19.18	18.56	31.64	0.00	0.00
GCC	115	30.60	19.23	18.54	31.63	0.00	0.00
GCC	116	30.68	19.18	18.51	31.62	0.00	0.00
GCC	117	30.53	19.29	18.47	31.71	0.00	0.00
GCC	118	30.58	19.24	18.44	31.74	0.00	0.00
GCC	119	30.57	19.19	18.53	31.71	0.00	0.00
GCC	120	30.60	19.17	18.53	31.70	0.00	0.00
GCC	121	30.66	19.22	18.40	31.72	0.00	0.00
GCC	122	30.53	19.32	18.44	31.72	0.00	0.00
GCC	123	30.60	19.17	18.52	31.71	0.00	0.00
GCC	124	30.63	19.30	18.54	31.53	0.00	0.00
GCC	125	30.60	19.33	18.50	31.57	0.00	0.00
GCC	126	30.67	19.17	18.50	31.66	0.00	0.00
GCC	127	30.84	19.06	18.57	31.54	0.00	0.00
GCC	128	30.63	19.11	18.53	31.73	0.00	0.00
GCC	129	30.67	19.15	18.61	31.57	0.00	0.00
GCC	130	30.62	19.19	18.59	31.60	0.00	0.00
GCC	131	30.60	19.27	18.54	31.59	0.00	0.00
GCC	132	30.78	19.18	18.45	31.60	0.00	0.00
GCC	133	30.72	19.16	18.53	31.59	0.00	0.00
GCC	134	30.70	19.15	18.53	31.61	0.00	0.00
GCC	135	30.50	19.33	18.57	31.60	0.00	0.00
GCC	136	30.66	19.20	18.48	31.66	0.00	0.00
GCC	137	30.64	19.17	18.48	31.72	0.00	0.00
GCC	138	30.54	19.08	18.55	31.84	0.00	0.00
GCC	139	30.63	19.20	18.50	31.67	0.00	0.00
GCC	140	30.63	19.22	18.45	31.71	0.00	0.00
GCC	141	30.76	19.19	18.41	31.64	0.00	0.00
GCC	142	30.49	19.38	18.49	31.63	0.00	0.00
GCC	143	30.58	19.23	18.60	31.59	0.00	0.00
GCC	144	30.58	19.15	18.59	31.68	0.00	0.00
GCC	145	30.60	19.20	18.48	31.72	0.00	0.00
GCC	146	30.61	19.17	18.50	31.71	0.00	0.00
GCC	147	30.65	19.22	18.46	31.68	0.00	0.00
GCC	148	30.66	19.15	18.54	31.65	0.00	0.00
GCC	149	30.64	19.22	18.57	31.57	0.00	0.00
GCC	150	30.72	19.21	18.51	31.57	0.00	0.00
# ACGT content per cycle, read oriented. Use `grep ^GCT | cut -f 2-` to extract this part. The columns are: cycle; A,C,G,T base counts as a percentage of all A/C/G/T bases [%]
GCT	1	31.14	18.83	18.88	31.14
GCT	2	31.22	18.85	18.85	31.08
GCT	3	31.16	18.83	18.91	31.10
GCT	4	31.23	18.80	18.89	31.08
GCT	5	31.30	18.90	18.71	31.08
GCT	6	31.16	18.84	18.83	31.16
GCT	7	31.14	18.80	18.88	31.18
GCT	8	31.17	18.82	18.92	31.09
GCT	9	31.09	18.89	18.99	31.03
GCT	10	31.25	18.82	18.77	31.16
GCT	11	31.20	18.74	18.80	31.26
GCT	12	31.01	18.92	18.83	31.24
GCT	13	31.12	18.92	18.90	31.06
GCT	14	31.14	18.85	18.86	31.16
GCT	15	31.04	18.87	18.81	31.27
GCT	16	31.25	18.89	18.85	31.01
GCT	17	31.29	18.86	18.77	31.08
GCT	18	31.10	18.83	18.86	31.21
GCT	19	31.21	18.96	18.82	31.02
GCT	20	31.08	18.91	18.86	31.15
GCT	21	31.21	18.73	19.01	31.05
GCT	22	31.26	18.82	18.77	31.16
GCT	23	31.14	18.88	18.83	31.15
GCT	24	31.12	18.97	18.90	31.01
GCT	25	31.20	18.92	18.74	31.14
GCT	26	31.15	18.84	18.83	31.18
GCT	27	31.11	18.82	18.80	31.27
GCT	28	31.04	18.86	18.84	31.25
GCT	29	31.11	18.86	18.83	31.19
GCT	30	31.22	18.76	18.82	31.20
GCT	31	31.14	18.84	18.76	31.26
GCT	32	31.10	18.88	18.81	31.20
GCT	33	30.98	18.89	18.87	31.27
GCT	34	31.12	18.92	18.80	31.16
GCT	35	31.01	18.89	18.86	31.24
GCT	36	30.96	19.02	18.90	31.12
GCT	37	31.10	18.91	18.81	31.19
GCT	38	31.07	18.91	18.85	31.17
GCT	39	31.04	18.88	18.96	31.12
GCT	40	31.05	18.91	18.92	31.12
GCT	41	31.16	18.91	18.86	31.07
GCT	42	31.05	18.86	18.88	31.21
GCT	43	31.10	18.81	18.88	31.20
GCT	44	31.15	18.89	18.88	31.08
GCT	45	31.14	18.99	18.81	31.06
GCT	46	31.18	18.91	18.88	31.04
GCT	47	31.14	18.84	18.87	31.16
GCT	48	31.08	18.93	18.82	31.17
GCT	49	31.14	18.88	18.87	31.10
GCT	50	31.09	18.75	18.95	31.22
GCT	51	31.11	18.87	18.89	31.13
GCT	52	31.15	18.82	18.81	31.22
GCT	53	31.20	18.86	18.91	31.03
GCT	54	31.27	18.93	18.80	31.00
GCT	55	31.16	18.87	18.86	31.11
GCT	56	31.10	18.93	18.80	31.18
GCT	57	31.16	18.87	18.84	31.13
GCT	58	31.14	18.86	18.79	31.21
GCT	59	31.11	18.84	18.87	31.18
GCT	60	31.05	18.84	18.86	31.25
GCT	61	31.09	18.94	18.79	31.18
GCT	62	31.27	18.89	18.80	31.04
GCT	63	31.14	18.91	18.81	31.14
GCT	64	31.14	18.86	18.89	31.11
GCT	65	31.11	18.90	18.91	31.08
GCT	66	31.18	18.92	18.75	31.15
GCT	67	31.20	18.77	18.77	31.27
GCT	68	31.19	18.83	18.85	31.13
GCT	69	31.07	18.89	18.91	31.13
GCT	70	31.21	18.83	18.97	31.00
GCT	71	31.21	18.85	18.91	31.03
GCT	72	31.16	18.83	18.86	31.15
GCT	73	31.20	18.94	18.79	31.06
GCT	74	31.19	18.85	19.00	30.96
GCT	75	31.20	18.74	18.87	31.19
GCT	76	31.17	18.88	18.83	31.13
GCT	77	31.21	18.84	18.79	31.17
GCT	78	31.05	18.96	18.83	31.16
GCT	79	31.10	18.83	18.87	31.20
GCT	80	31.10	18.89	18.89	31.12
GCT	81	31.14	18.83	18.86	31.17
GCT	82	31.19	18.89	18.84	31.08
GCT	83	31.10	18.85	18.94	31.11
GCT	84	31.03	18.78	18.97	31.23
GCT	85	31.16	18.81	18.85	31.19
GCT	86	31.00	18.80	18.96	31.24
GCT	87	31.15	18.83	18.90	31.11
GCT	88	31.02	19.01	18.82	31.16
GCT	89	31.11	18.92	18.77	31.21
GCT	90	31.20	18.81	18.91	31.09
GCT	91	31.19	18.97	18.86	30.98
GCT	92	31.20	18.83	18.76	31.22
GCT	93	31.21	18.82	18.94	31.03
GCT	94	31.23	18.89	18.95	30.93
GCT	95	31.16	18.82	18.79	31.22
GCT	96	31.28	18.81	18.74	31.16
GCT	97	31.17	18.85	18.85	31.13
GCT	98	31.22	18.80	18.83	31.15
GCT	99	31.21	18.79	18.96	31.03
GCT	100	31.13	18.80	18.90	31.18
GCT	101	31.12	18.82	18.84	31.22
GCT	102	31.08	18.77	19.00	31.15
GCT	103	31.19	18.89	18.90	31.02
GCT	104	31.03	18.91	18.78	31.28
GCT	105	31.07	18.84	18.81	31.29
GCT	106	31.12	18.84	18.90	31.14
GCT	107	31.05	18.96	18.92	31.07
GCT	108	31.18	18.87	18.74	31.21
GCT	109	31.09	18.96	18.87	31.08
GCT	110	31.08	18.79	18.94	31.20
GCT	111	31.15	18.90	18.80	31.15
GCT	112	31.13	18.93	18.91	31.03
GCT	113	31.11	18.88	18.84	31.18
GCT	114	31.15	18.90	18.84	31.12
GCT	115	31.13	18.91	18.86	31.11
GCT	116	31.14	18.90	18.80	31.16
GCT	117	31.05	18.90	18.87	31.19
GCT	118	31.21	18.78	18.90	31.11
GCT	119	31.16	18.93	18.79	31.12
GCT	120	31.16	18.86	18.83	31.15
GCT	121	31.19	18.87	18.74	31.19
GCT	122	31.06	18.90	18.85	31.19
GCT	123	31.16	18.83	18.86	31.15
GCT	124	31.04	18.87	18.97	31.12
GCT	125	31.12	18.93	18.90	31.04
GCT	126	31.06	18.80	18.87	31.27
GCT	127	31.18	18.82	18.81	31.19
GCT	128	31.17	18.81	18.83	31.19
GCT	129	31.07	18.91	18.85	31.17
GCT	130	31.06	18.95	18.83	31.16
GCT	131	31.06	18.88	18.93	31.13
GCT	132	31.24	18.82	18.80	31.14
GCT	133	31.22	18.83	18.86	31.09
GCT	134	31.22	18.83	18.85	31.10
GCT	135	31.04	18.93	18.97	31.06
GCT	136	31.14	18.88	18.80	31.18
GCT	137	31.24	18.79	18.85	31.12
GCT	138	31.25	18.77	18.85	31.13
GCT	139	31.08	18.79	18.91	31.22
GCT	140	31.11	18.86	18.81	31.22
GCT	141	31.27	18.73	18.87	31.14
GCT	142	30.99	18.93	18.94	31.13
GCT	143	31.10	18.98	18.85	31.07
GCT	144	31.15	18.86	18.88	31.11
GCT	145	31.26	18.88	18.80	31.06
GCT	146	31.13	18.78	18.90	31.19
GCT	147	31.15	18.84	18.83	31.17
GCT	148	31.20	18.88	18.80	31.12
GCT	149	31.06	18.92	18.87	31.15
GCT	150	31.06	18.82	18.89	31.22
# ACGT content per cycle for first fragments. Use `grep ^FBC | cut -f 2-` to extract this part. The columns are: cycle; A,C,G,T base counts as a percentage of all A/C/G/T bases [%]; and N and O counts as a percentage of all A/C/G/T bases [%]
FBC	1	30.65	19.25	18.41	31.69	0.00	0.00
FBC	2	30.71	19.26	18.44	31.58	0.00	0.00
FBC	3	30.65	19.18	18.61	31.57	0.00	0.00
FBC	4	30.38	19.24	18.57	31.81	0.00	0.00
FBC	5	30.71	19.11	18.47	31.72	0.00	0.00
FBC	6	30.56	19.06	18.57	31.80	0.00	0.00
FBC	7	30.64	19.27	18.51	31.59	0.00	0.00
FBC	8	30.77	19.26	18.53	31.44	0.00	0.00
FBC	9	30.68	19.12	18.68	31.53	0.00	0.00
FBC	10	30.66	19.12	18.42	31.80	0.00	0.00
FBC	11	30.61	19.03	18.59	31.78	0.00	0.00
FBC	12	30.69	19.10	18.63	31.57	0.00	0.00
FBC	13	30.58	19.29	18.61	31.52	0.00	0.00
FBC	14	30.50	19.20	18.44	31.86	0.00	0.00
FBC	15	30.64	19.25	18.37	31.73	0.00	0.00
FBC	16	30.59	19.34	18.51	31.56	0.00	0.00
FBC	17	30.61	19.28	18.40	31.72	0.00	0.00
FBC	18	30.61	19.13	18.63	31.63	0.00	0.00
FBC	19	30.63	19.31	18.50	31.56	0.00	0.00
FBC	20	30.53	19.20	18.59	31.68	0.00	0.00
FBC	21	30.69	19.30	18.48	31.54	0.00	0.00
FBC	22	30.76	19.22	18.46	31.56	0.00	0.00
FBC	23	30.63	19.14	18.52	31.71	0.00	0.00
FBC	24	30.67	19.31	18.49	31.53	0.00	0.00
FBC	25	30.84	19.17	18.54	31.45	0.00	0.00
FBC	26	30.65	19.17	18.47	31.71	0.00	0.00
FBC	27	30.59	19.15	18.48	31.78	0.00	0.00
FBC	28	30.54	19.19	18.55	31.72	0.00	0.00
FBC	29	30.69	19.17	18.51	31.63	0.00	0.00
FBC	30	30.78	19.02	18.56	31.64	0.00	0.00
FBC	31	30.82	19.16	18.42	31.61	0.00	0.00
FBC	32	30.74	19.12	18.39	31.75	0.00	0.00
FBC	33	30.60	19.28	18.52	31.61	0.00	0.00
FBC	34	30.68	19.27	18.51	31.54	0.00	0.00
FBC	35	30.74	19.24	18.54	31.48	0.00	0.00
FBC	36	30.62	19.30	18.49	31.59	0.00	0.00
FBC	37	30.62	19.36	18.54	31.47	0.00	0.00
FBC	38	30.81	19.18	18.49	31.51	0.00	0.00
FBC	39	30.66	19.21	18.50	31.64	0.00	0.00
FBC	40	30.61	19.23	18.65	31.50	0.00	0.00
FBC	41	30.54	19.32	18.54	31.60	0.00	0.00
FBC	42	30.60	19.22	18.54	31.64	0.00	0.00
FBC	43	30.69	19.13	18.59	31.59	0.00	0.00
FBC	44	30.64	19.08	18.51	31.76	0.00	0.00
FBC	45	30.79	19.23	18.45	31.53	0.00	0.00
FBC	46	30.57	19.34	18.47	31.63	0.00	0.00
FBC	47	30.64	19.25	18.50	31.62	0.00	0.00
FBC	48	30.61	19.35	18.38	31.66	0.00	0.00
FBC	49	30.66	19.34	18.57	31.43	0.00	0.00
FBC	50	30.80	19.18	18.48	31.54	0.00	0.00
FBC	51	30.77	19.29	18.45	31.49	0.00	0.00
FBC	52	30.70	19.22	18.43	31.65	0.00	0.00
FBC	53	30.62	19.24	18.71	31.44	0.00	0.00
FBC	54	30.58	19.26	18.49	31.66	0.00	0.00
FBC	55	30.70	19.23	18.53	31.53	0.00	0.00
FBC	56	30.59	19.11	18.51	31.78	0.00	0.00
FBC	57	30.76	19.14	18.45	31.64	0.00	0.00
FBC	58	30.69	19.08	18.55	31.68	0.00	0.00
FBC	59	30.69	19.12	18.52	31.66	0.00	0.00
FBC	60	30.64	19.10	18.59	31.67	0.00	0.00
FBC	61	30.59	19.26	18.50	31.65	0.00	0.00
FBC	62	30.60	19.18	18.58	31.64	0.00	0.00
FBC	63	30.59	19.09	18.56	31.76	0.00	0.00
FBC	64	30.68	19.13	18.61	31.57	0.00	0.00
FBC	65	30.76	19.11	18.68	31.46	0.00	0.00
FBC	66	30.65	19.20	18.49	31.66	0.00	0.00
FBC	67	30.88	19.08	18.37	31.68	0.00	0.00
FBC	68	30.71	19.15	18.47	31.66	0.00	0.00
FBC	69	30.73	19.14	18.64	31.49	0.00	0.00
FBC	70	30.52	19.32	18.46	31.70	0.00	0.00
FBC	71	30.50	19.42	18.44	31.63	0.00	0.00
FBC	72	30.52	19.10	18.53	31.85	0.00	0.00
FBC	73	30.64	19.24	18.55	31.56	0.00	0.00
FBC	74	30.61	19.30	18.61	31.47	0.00	0.00
FBC	75	30.74	19.10	18.48	31.68	0.00	0.00
FBC	76	30.71	19.15	18.58	31.56	0.00	0.00
FBC	77	30.76	19.21	18.34	31.69	0.00	0.00
FBC	78	30.79	19.30	18.47	31.44	0.00	0.00
FBC	79	30.62	19.26	18.50	31.62	0.00	0.00
FBC	80	30.62	19.22	18.55	31.61	0.00	0.00
FBC	81	30.76	19.22	18.42	31.60	0.00	0.00
FBC	82	30.55	19.26	18.47	31.72	0.00	0.00
FBC	83	30.57	19.39	18.46	31.58	0.00	0.00
FBC	84	30.51	19.32	18.41	31.76	0.00	0.00
FBC	85	30.59	19.18	18.42	31.82	0.00	0.00
FBC	86	30.50	19.26	18.50	31.74	0.00	0.00
FBC	87	30.67	19.21	18.46	31.66	0.00	0.00
FBC	88	30.54	19.42	18.54	31.50	0.00	0.00
FBC	89	30.59	19.24	18.37	31.80	0.00	0.00
FBC	90	30.63	19.21	18.63	31.53	0.00	0.00
FBC	91	30.61	19.23	18.64	31.51	0.00	0.00
FBC	92	30.69	19.16	18.30	31.85	0.00	0.00
FBC	93	30.53	19.15	18.58	31.74	0.00	0.00
FBC	94	30.60	19.35	18.58	31.47	0.00	0.00
FBC	95	30.86	19.12	18.46	31.56	0.00	0.00
FBC	96	30.68	19.16	18.42	31.73	0.00	0.00
FBC	97	30.69	19.31	18.30	31.70	0.00	0.00
FBC	98	30.62	19.04	18.62	31.72	0.00	0.00
FBC	99	30.70	19.16	18.51	31.63	0.00	0.00
FBC	100	30.70	19.22	18.54	31.55	0.00	0.00
FBC	101	30.79	19.20	18.45	31.57	0.00	0.00
FBC	102	30.54	19.26	18.65	31.55	0.00	0.00
FBC	103	30.77	19.23	18.58	31.42	0.00	0.00
FBC	104	30.69	19.38	18.33	31.61	0.00	0.00
FBC	105	30.80	19.09	18.53	31.58	0.00	0.00
FBC	106	30.53	19.26	18.52	31.69	0.00	0.00
FBC	107	30.46	19.29	18.56	31.68	0.00	0.00
FBC	108	30.78	19.17	18.45	31.61	0.00	0.00
FBC	109	30.75	19.18	18.56	31.50	0.00	0.00
FBC	110	30.70	19.11	18.45	31.73	0.00	0.00
FBC	111	30.78	19.15	18.51	31.55	0.00	0.00
FBC	112	30.89	19.18	18.65	31.28	0.00	0.00
FBC	113	30.47	19.25	18.67	31.61	0.00	0.00
FBC	114	30.56	19.19	18.55	31.70	0.00	0.00
FBC	115	30.66	19.23	18.57	31.54	0.00	0.00
FBC	116	30.69	19.29	18.48	31.55	0.00	0.00
FBC	117	30.58	19.34	18.39	31.68	0.00	0.00
FBC	118	30.60	19.19	18.45	31.76	0.00	0.00
FBC	119	30.60	19.19	18.59	31.62	0.00	0.00
FBC	120	30.60	19.21	18.54	31.65	0.00	0.00
FBC	121	30.61	19.15	18.44	31.79	0.00	0.00
FBC	122	30.44	19.31	18.49	31.75	0.00	0.00
FBC	123	30.58	19.18	18.59	31.65	0.00	0.00
FBC	124	30.70	19.12	18.58	31.60	0.00	0.00
FBC	125	30.68	19.30	18.40	31.62	0.00	0.00
FBC	126	30.63	19.06	18.56	31.75	0.00	0.00
FBC	127	30.79	19.18	18.55	31.48	0.00	0.00
FBC	128	30.65	19.12	18.46	31.78	0.00	0.00
FBC	129	30.60	19.14	18.68	31.59	0.00	0.00
FBC	130	30.58	19.25	18.49	31.69	0.00	0.00
FBC	131	30.62	19.25	18.47	31.65	0.00	0.00
FBC	132	30.80	19.15	18.40	31.65	0.00	0.00
FBC	133	30.81	19.13	18.59	31.47	0.00	0.00
FBC	134	30.79	19.06	18.47	31.68	0.00	0.00
FBC	135	30.70	19.22	18.54	31.54	0.00	0.00
FBC	136	30.69	19.22	18.43	31.66	0.00	0.00
FBC	137	30.49	19.11	18.52	31.88	0.00	0.00
FBC	138	30.53	19.05	18.59	31.83	0.00	0.00
FBC	139	30.61	19.24	18.58	31.57	0.00	0.00
FBC	140	30.65	19.21	18.40	31.74	0.00	0.00
FBC	141	30.70	19.10	18.45	31.75	0.00	0.00
FBC	142	30.50	19.38	18.43	31.69	0.00	0.00
FBC	143	30.54	19.19	18.58	31.69	0.00	0.00
FBC	144	30.56	19.17	18.65	31.62	0.00	0.00
FBC	145	30.58	19.24	18.49	31.69	0.00	0.00
FBC	146	30.54	19.16	18.45	31.86	0.00	0.00
FBC	147	30.55	19.24	18.40	31.81	0.00	0.00
FBC	148	30.60	19.21	18.53	31.67	0.00	0.00
FBC	149	30.53	19.28	18.58	31.61	0.00	0.00
FBC	150	30.66	19.22	18.48	31.63	0.00	0.00
# ACGT raw counters for first fragments. Use `grep ^FTC | cut -f 2-` to extract this part. The columns are: A,C,G,T,N base counters
FTC	9738218	6102887	5881785	10051610	0
# ACGT content per cycle for last fragments. Use `grep ^LBC | cut -f 2-` to extract this part. The columns are: cycle; A,C,G,T base counts as a percentage of all A/C/G/T bases [%]; and N and O counts as a percentage of all A/C/G/T bases [%]
LBC	1	30.71	19.28	18.48	31.53	0.00	0.00
LBC	2	30.69	19.24	18.45	31.62	0.00	0.00
LBC	3	30.62	19.27	18.42	31.69	0.00	0.00
LBC	4	30.77	19.07	18.50	31.66	0.00	0.00
LBC	5	30.85	19.16	18.49	31.50	0.00	0.00
LBC	6	30.79	19.05	18.67	31.48	0.00	0.00
LBC	7	30.71	19.17	18.40	31.71	0.00	0.00
LBC	8	30.71	19.14	18.56	31.59	0.00	0.00
LBC	9	30.49	19.38	18.58	31.54	0.00	0.00
LBC	10	30.61	19.18	18.47	31.73	0.00	0.00
LBC	11	30.71	19.14	18.32	31.83	0.00	0.00
LBC	12	30.51	19.31	18.46	31.72	0.00	0.00
LBC	13	30.48	19.27	18.48	31.78	0.00	0.00
LBC	14	30.61	19.24	18.53	31.62	0.00	0.00
LBC	15	30.58	19.25	18.49	31.67	0.00	0.00
LBC	16	30.61	19.26	18.37	31.75	0.00	0.00
LBC	17	30.80	19.21	18.37	31.61	0.00	0.00
LBC	18	30.79	19.16	18.45	31.59	0.00	0.00
LBC	19	30.62	19.19	18.55	31.64	0.00	0.00
LBC	20	30.65	19.19	18.56	31.61	0.00	0.00
LBC	21	30.72	19.20	18.51	31.57	0.00	0.00
LBC	22	30.87	18.91	18.59	31.63	0.00	0.00
LBC	23	30.63	19.26	18.49	31.61	0.00	0.00
LBC	24	30.58	19.47	18.47	31.48	0.00	0.00
LBC	25	30.55	19.27	18.34	31.84	0.00	0.00
LBC	26	30.72	19.16	18.54	31.58	0.00	0.00
LBC	27	30.60	19.23	18.38	31.80	0.00	0.00
LBC	28	30.82	19.20	18.48	31.51	0.00	0.00
LBC	29	30.78	19.21	18.50	31.51	0.00	0.00
LBC	30	30.60	19.18	18.39	31.83	0.00	0.00
LBC	31	30.82	19.25	18.36	31.57	0.00	0.00
LBC	32	30.60	19.29	18.59	31.53	0.00	0.00
LBC	33	30.66	19.21	18.52	31.61	0.00	0.00
LBC	34	30.77	19.19	18.49	31.55	0.00	0.00
LBC	35	30.69	19.21	18.51	31.60	0.00	0.00
LBC	36	30.52	19.41	18.64	31.44	0.00	0.00
LBC	37	30.77	19.14	18.38	31.70	0.00	0.00
LBC	38	30.54	19.38	18.46	31.62	0.00	0.00
LBC	39	30.58	19.28	18.69	31.45	0.00	0.00
LBC	40	30.67	19.17	18.59	31.56	0.00	0.00
LBC	41	30.60	19.27	18.41	31.71	0.00	0.00
LBC	42	30.68	19.25	18.49	31.58	0.00	0.00
LBC	43	30.77	19.28	18.39	31.55	0.00	0.00
LBC	44	30.50	19.31	18.64	31.55	0.00	0.00
LBC	45	30.51	19.24	18.67	31.58	0.00	0.00
LBC	46	30.53	19.27	18.50	31.69	0.00	0.00
LBC	47	30.59	19.15	18.52	31.74	0.00	0.00
LBC	48	30.59	19.18	18.60	31.63	0.00	0.00
LBC	49	30.60	19.09	18.51	31.80	0.00	0.00
LBC	50	30.65	19.19	18.54	31.62	0.00	0.00
LBC	51	30.56	19.22	18.56	31.66	0.00	0.00
LBC	52	30.75	19.21	18.41	31.63	0.00	0.00
LBC	53	30.63	19.16	18.43	31.78	0.00	0.00
LBC	54	30.53	19.27	18.44	31.76	0.00	0.00
LBC	55	30.59	19.13	18.57	31.71	0.00	0.00
LBC	56	30.56	19.23	18.61	31.61	0.00	0.00
LBC	57	30.57	19.13	18.70	31.60	0.00	0.00
LBC	58	30.60	19.18	18.49	31.72	0.00	0.00
LBC	59	30.52	19.27	18.50	31.71	0.00	0.00
LBC	60	30.55	19.09	18.63	31.73	0.00	0.00
LBC	61	30.79	19.21	18.48	31.52	0.00	0.00
LBC	62	30.79	19.05	18.55	31.60	0.00	0.00
LBC	63	30.48	19.33	18.46	31.74	0.00	0.00
LBC	64	30.59	19.28	18.47	31.65	0.00	0.00
LBC	65	30.55	19.32	18.51	31.61	0.00	0.00
LBC	66	30.66	19.23	18.41	31.70	0.00	0.00
LBC	67	30.69	19.07	18.56	31.68	0.00	0.00
LBC	68	30.61	19.23	18.51	31.66	0.00	0.00
LBC	69	30.64	19.22	18.60	31.53	0.00	0.00
LBC	70	30.55	19.19	18.61	31.64	0.00	0.00
LBC	71	30.63	19.26	18.39	31.71	0.00	0.00
LBC	72	30.66	19.15	18.59	31.61	0.00	0.00
LBC	73	30.67	19.24	18.44	31.65	0.00	0.00
LBC	74	30.54	19.19	18.58	31.68	0.00	0.00
LBC	75	30.71	19.15	18.48	31.65	0.00	0.00
LBC	76	30.76	19.24	18.44	31.55	0.00	0.00
LBC	77	30.63	19.19	18.52	31.67	0.00	0.00
LBC	78	30.49	19.30	18.51	31.70	0.00	0.00
LBC	79	30.67	19.18	18.46	31.69	0.00	0.00
LBC	80	30.75	19.15	18.64	31.46	0.00	0.00
LBC	81	30.74	19.15	18.58	31.53	0.00	0.00
LBC	82	30.58	19.06	18.68	31.69	0.00	0.00
LBC	83	30.56	19.19	18.55	31.70	0.00	0.00
LBC	84	30.62	19.21	18.54	31.63	0.00	0.00
LBC	85	30.57	19.31	18.40	31.72	0.00	0.00
LBC	86	30.73	19.25	18.51	31.52	0.00	0.00
LBC	87	30.65	19.14	18.66	31.55	0.00	0.00
LBC	88	30.57	19.21	18.49	31.73	0.00	0.00
LBC	89	30.68	19.18	18.58	31.56	0.00	0.00
LBC	90	30.65	19.16	18.43	31.75	0.00	0.00
LBC	91	30.52	19.27	18.53	31.68	0.00	0.00
LBC	92	30.59	19.23	18.48	31.69	0.00	0.00
LBC	93	30.70	19.25	18.55	31.50	0.00	0.00
LBC	94	30.64	19.18	18.57	31.61	0.00	0.00
LBC	95	30.63	19.12	18.53	31.72	0.00	0.00
LBC	96	30.85	19.10	18.43	31.63	0.00	0.00
LBC	97	30.59	19.29	18.51	31.62	0.00	0.00
LBC	98	30.78	19.18	18.44	31.61	0.00	0.00
LBC	99	30.63	19.19	18.65	31.53	0.00	0.00
LBC	100	30.80	19.19	18.44	31.56	0.00	0.00
LBC	101	30.60	19.21	18.47	31.73	0.00	0.00
LBC	102	30.64	19.22	18.42	31.72	0.00	0.00
LBC	103	30.71	19.28	18.48	31.53	0.00	0.00
LBC	104	30.73	19.21	18.47	31.59	0.00	0.00
LBC	105	30.84	19.20	18.47	31.49	0.00	0.00
LBC	106	30.66	19.10	18.60	31.64	0.00	0.00
LBC	107	30.53	19.42	18.49	31.55	0.00	0.00
LBC	108	30.52	19.18	18.41	31.88	0.00	0.00
LBC	109	30.48	19.34	18.58	31.60	0.00	0.00
LBC	110	30.68	19.35	18.54	31.43	0.00	0.00
LBC	111	30.67	19.16	18.58	31.59	0.00	0.00
LBC	112	30.54	19.34	18.51	31.61	0.00	0.00
LBC	113	30.75	19.15	18.36	31.74	0.00	0.00
LBC	114	30.70	19.17	18.56	31.57	0.00	0.00
LBC	115	30.55	19.23	18.51	31.72	0.00	0.00
LBC	116	30.67	19.08	18.55	31.70	0.00	0.00
LBC	117	30.48	19.24	18.55	31.73	0.00	0.00
LBC	118	30.55	19.29	18.44	31.72	0.00	0.00
LBC	119	30.54	19.18	18.48	31.80	0.00	0.00
LBC	120	30.59	19.13	18.52	31.75	0.00	0.00
LBC	121	30.71	19.28	18.35	31.66	0.00	0.00
LBC	122	30.62	19.32	18.38	31.68	0.00	0.00
LBC	123	30.62	19.16	18.45	31.77	0.00	0.00
LBC	124	30.56	19.47	18.51	31.46	0.00	0.00
LBC	125	30.51	19.37	18.60	31.52	0.00	0.00
LBC	126	30.72	19.28	18.44	31.56	0.00	0.00
LBC	127	30.89	18.93	18.59	31.59	0.00	0.00
LBC	128	30.62	19.10	18.60	31.68	0.00	0.00
LBC	129	30.74	19.16	18.55	31.55	0.00	0.00
LBC	130	30.67	19.13	18.70	31.50	0.00	0.00
LBC	131	30.58	19.28	18.61	31.54	0.00	0.00
LBC	132	30.76	19.20	18.49	31.55	0.00	0.00
LBC	133	30.63	19.20	18.46	31.71	0.00	0.00
LBC	134	30.62	19.24	18.59	31.55	0.00	0.00
LBC	135	30.31	19.43	18.60	31.65	0.00	0.00
LBC	136	30.64	19.17	18.52	31.67	0.00	0.00
LBC	137	30.80	19.22	18.43	31.55	0.00	0.00
LBC	138	30.55	19.11	18.50	31.85	0.00	0.00
LBC	139	30.65	19.16	18.42	31.78	0.00	0.00
LBC	140	30.60	19.22	18.50	31.67	0.00	0.00
LBC	141	30.82	19.29	18.36	31.54	0.00	0.00
LBC	142	30.49	19.38	18.55	31.57	0.00	0.00
LBC	143	30.62	19.27	18.63	31.49	0.00	0.00
LBC	144	30.60	19.12	18.53	31.75	0.00	0.00
LBC	145	30.61	19.17	18.48	31.74	0.00	0.00
LBC	146	30.69	19.19	18.56	31.56	0.00	0.00
LBC	147	30.74	19.19	18.51	31.55	0.00	0.00
LBC	148	30.73	19.09	18.54	31.64	0.00	0.00
LBC	149	30.74	19.16	18.56	31.53	0.00	0.00
LBC	150	30.77	19.19	18.53	31.51	0.00	0.00
# ACGT raw counters for last fragments. Use `grep ^LTC | cut -f 2-` to extract this part. The columns are: A,C,G,T,N base counters
LTC	9737192	6104772	5881291	10051245	0
# Insert sizes. Use `grep ^IS | cut -f 2-` to extract this part. The columns are: insert size, pairs total, inward oriented pairs, outward oriented pairs, other pairs
IS	0	0	0	0	0
IS	1	0	0	0	0
IS	2	0	0	0	0
IS	3	0	0	0	0
IS	4	0	0	0	0
IS	5	0	0	0	0
IS	6	0	0	0	0
IS	7	0	0	0	0
IS	8	0	0	0	0
IS	9	0	0	0	0
IS	10	0	0	0	0
IS	11	0	0	0	0
IS	12	0	0	0	0
IS	13	0	0	0	0
IS	14	0	0	0	0
IS	15	0	0	0	0
IS	16	0	0	0	0
IS	17	0	0	0	0
IS	18	0	0	0	0
IS	19	0	0	0	0
IS	20	0	0	0	0
IS	21	0	0	0	0
IS	22	0	0	0	0
IS	23	0	0	0	0
IS	24	0	0	0	0
IS	25	0	0	0	0
IS	26	0	0	0	0
IS	27	0	0	0	0
IS	28	0	0	0	0
IS	29	0	0	0	0
IS	30	0	0	0	0
IS	31	0	0	0	0
IS	32	0	0	0	0
IS	33	0	0	0	0
IS	34	0	0	0	0
IS	35	0	0	0	0
IS	36	0	0	0	0
IS	37	0	0	0	0
IS	38	0	0	0	0
IS	39	0	0	0	0
IS	40	0	0	0	0
IS	41	0	0	0	0
IS	42	0	0	0	0
IS	43	0	0	0	0
IS	44	0	0	0	0
IS	45	0	0	0	0
IS	46	0	0	0	0
IS	47	0	0	0	0
IS	48	0	0	0	0
IS	49	0	0	0	0
IS	50	0	0	0	0
IS	51	0	0	0	0
IS	52	0	0	0	0
IS	53	0	0	0	0
IS	54	0	0	0	0
IS	55	0	0	0	0
IS	56	0	0	0	0
IS	57	0	0	0	0
IS	58	0	0	0	0
IS	59	0	0	0	0
IS	60	0	0	0	0
IS	61	0	0	0	0
IS	62	0	0	0	0
IS	63	0	0	0	0
IS	64	0	0	0	0
IS	65	0	0	0	0
IS	66	0	0	0	0
IS	67	0	0	0	0
IS	68	0	0	0	0
IS	69	0	0	0	0
IS	70	0	0	0	0
IS	71	0	0	0	0
IS	72	0	0	0	0
IS	73	0	0	0	0
IS	74	0	0	0	0
IS	75	0	0	0	0
IS	76	0	0	0	0
IS	77	0	0	0	0
IS	78	0	0	0	0
IS	79	0	0	0	0
IS	80	0	0	0	0
IS	81	0	0	0	0
IS	82	0	0	0	0
IS	83	0	0	0	0
IS	84	0	0	0	0
IS	85	0	0	0	0
IS	86	0	0	0	0
IS	87	0	0	0	0
IS	88	0	0	0	0
IS	89	0	0	0	0
IS	90	0	0	0	0
IS	91	0	0	0	0
IS	92	1	0	1	0
IS	93	0	0	0	0
IS	94	0	0	0	0
IS	95	0	0	0	0
IS	96	0	0	0	0
IS	97	0	0	0	0
IS	98	0	0	0	0
IS	99	0	0	0	0
IS	100	0	0	0	0
IS	101	0	0	0	0
IS	102	0	0	0	0
IS	103	0	0	0	0
IS	104	0	0	0	0
IS	105	0	0	0	0
IS	106	0	0	0	0
IS	107	0	0	0	0
IS	108	0	0	0	0
IS	109	0	0	0	0
IS	110	0	0	0	0
IS	111	0	0	0	0
IS	112	0	0	0	0
IS	113	0	0	0	0
IS	114	0	0	0	0
IS	115	0	0	0	0
IS	116	0	0	0	0
IS	117	0	0	0	0
IS	118	0	0	0	0
IS	119	0	0	0	0
IS	120	0	0	0	0
IS	121	0	0	0	0
IS	122	0	0	0	0
IS	123	0	0	0	0
IS	124	0	0	0	0
IS	125	0	0	0	0
IS	126	0	0	0	0
IS	127	0	0	0	0
IS	128	0	0	0	0
IS	129	0	0	0	0
IS	130	0	0	0	0
IS	131	0	0	0	0
IS	132	0	0	0	0
IS	133	0	0	0	0
IS	134	0	0	0	0
IS	135	0	0	0	0
IS	136	0	0	0	0
IS	137	0	0	0	0
IS	138	0	0	0	0
IS	139	0	0	0	0
IS	140	1	1	0	0
IS	141	0	0	0	0
IS	142	0	0	0	0
IS	143	0	0	0	0
IS	144	0	0	0	0
IS	145	0	0	0	0
IS	146	0	0	0	0
IS	147	0	0	0	0
IS	148	0	0	0	0
IS	149	0	0	0	0
IS	150	0	0	0	0
IS	151	1	1	0	0
IS	152	5	5	0	0
IS	153	2	2	0	0
IS	154	0	0	0	0
IS	155	1	1	0	0
IS	156	2	2	0	0
IS	157	1	1	0	0
IS	158	5	5	0	0
IS	159	3	3	0	0
IS	160	6	6	0	0
IS	161	8	8	0	0
IS	162	7	7	0	0
IS	163	14	14	0	0
IS	164	11	11	0	0
IS	165	25	25	0	0
IS	166	28	28	0	0
IS	167	54	54	0	0
IS	168	72	72	0	0
IS	169	80	80	0	0
IS	170	128	128	0	0
IS	171	151	151	0	0
IS	172	203	203	0	0
IS	173	265	265	0	0
IS	174	353	353	0	0
IS	175	390	390	0	0
IS	176	557	557	0	0
IS	177	703	703	0	0
IS	178	868	868	0	0
IS	179	1014	1014	0	0
IS	180	1264	1264	0	0
IS	181	1515	1515	0	0
IS	182	1756	1756	0	0
IS	183	2234	2234	0	0
IS	184	2531	2531	0	0
IS	185	2856	2856	0	0
IS	186	3436	3436	0	0
IS	187	3936	3936	0	0
IS	188	4268	4268	0	0
IS	189	4908	4908	0	0
IS	190	5392	5392	0	0
IS	191	5851	5851	0	0
IS	192	6308	6308	0	0
IS	193	6939	6939	0	0
IS	194	7343	7343	0	0
IS	195	7383	7383	0	0
IS	196	8071	8071	0	0
IS	197	8239	8239	0	0
IS	198	8408	8408	0	0
IS	199	8549	8549	0	0
IS	200	8326	8326	0	0
IS	201	8583	8583	0	0
IS	202	8244	8244	0	0
IS	203	7936	7936	0	0
IS	204	7537	7537	0	0
IS	205	7234	7234	0	0
IS	206	6705	6705	0	0
IS	207	6353	6353	0	0
IS	208	5862	5862	0	0
IS	209	5342	5342	0	0
IS	210	4962	4962	0	0
IS	211	4467	4467	0	0
IS	212	3798	3798	0	0
IS	213	3341	3341	0	0
IS	214	2947	2947	0	0
IS	215	2450	2450	0	0
IS	216	2150	2150	0	0
IS	217	1837	1837	0	0
IS	218	1451	1451	0	0
IS	219	1302	1302	0	0
IS	220	953	953	0	0
IS	221	819	819	0	0
IS	222	703	703	0	0
IS	223	513	513	0	0
# Read lengths. Use `grep ^RL | cut -f 2-` to extract this part. The columns are: read length, count
RL	150	423660
# Read lengths - first fragments. Use `grep ^FRL | cut -f 2-` to extract this part. The columns are: read length, count
FRL	150	211830
# Read lengths - last fragments. Use `grep ^LRL | cut -f 2-` to extract this part. The columns are: read length, count
LRL	150	211830
# Mapping qualities for reads !(UNMAP|SECOND|SUPPL|QCFAIL|DUP). Use `grep ^MAPQ | cut -f 2-` to extract this part. The columns are: mapq, count
MAPQ	0	31786
MAPQ	1	20
MAPQ	2	7
MAPQ	3	23
MAPQ	4	14
MAPQ	5	13
MAPQ	6	9
MAPQ	7	14
MAPQ	8	4
MAPQ	9	43
MAPQ	10	7
MAPQ	11	12
MAPQ	12	12
MAPQ	13	14
MAPQ	14	9
MAPQ	15	21
MAPQ	16	11
MAPQ	17	62
MAPQ	18	15
MAPQ	19	15
MAPQ	20	20
MAPQ	21	77
MAPQ	22	179
MAPQ	23	80
MAPQ	24	144
MAPQ	25	66
MAPQ	26	4
MAPQ	27	431
MAPQ	28	11
MAPQ	29	19
MAPQ	30	11
MAPQ	31	27
MAPQ	32	5
MAPQ	33	55
MAPQ	34	10
MAPQ	35	9
MAPQ	36	22
MAPQ	37	14
MAPQ	38	3
MAPQ	39	93
MAPQ	40	1250
MAPQ	41	61
MAPQ	42	41
MAPQ	43	154
MAPQ	44	90
MAPQ	45	247
MAPQ	46	180
MAPQ	47	71
MAPQ	48	795
MAPQ	49	16
MAPQ	50	55
MAPQ	51	20
MAPQ	52	126
MAPQ	53	10
MAPQ	54	10
MAPQ	55	12
MAPQ	56	11
MAPQ	57	254
MAPQ	58	7
MAPQ	59	77
MAPQ	60	386782
# Indel distribution. Use `grep ^ID | cut -f 2-` to extract this part. The columns are: length, number of insertions, number of deletions
ID	1	285	240
ID	2	23	23
ID	3	11	40
ID	4	6	0
ID	12	0	22
# Indels per cycle. Use `grep ^IC | cut -f 2-` to extract this part. The columns are: cycle, number of insertions (fwd), .. (rev) , number of deletions (fwd), .. (rev)
IC	3	0	0	0	2
IC	4	0	2	0	1
IC	5	2	1	2	3
IC	6	2	0	1	4
IC	7	1	1	0	1
IC	8	2	2	2	1
IC	9	5	2	1	2
IC	10	2	2	0	1
IC	11	2	1	0	6
IC	12	1	0	1	3
IC	13	2	0	2	2
IC	14	2	0	0	1
IC	15	1	0	2	1
IC	16	1	1	0	0
IC	17	4	0	2	1
IC	18	1	0	1	1
IC	19	0	1	2	4
IC	20	1	2	4	1
IC	21	2	0	0	1
IC	22	0	1	1	1
IC	23	3	0	2	1
IC	24	2	3	0	5
IC	25	2	1	2	0
IC	26	1	1	0	2
IC	27	1	1	0	3
IC	28	0	0	2	1
IC	29	1	2	0	3
IC	30	0	0	3	2
IC	31	1	1	1	1
IC	32	0	1	0	1
IC	33	0	0	1	3
IC	34	1	0	1	0
IC	35	1	2	1	1
IC	36	1	0	0	2
IC	37	0	1	0	4
IC	38	2	4	2	1
IC	39	4	2	0	2
IC	40	1	2	1	0
IC	41	2	2	1	2
IC	42	1	1	0	3
IC	43	1	1	2	2
IC	44	0	4	0	1
IC	45	0	2	1	2
IC	46	2	2	0	1
IC	47	0	0	1	6
IC	48	2	0	0	1
IC	49	1	1	1	2
IC	50	0	1	0	1
IC	51	0	3	0	0
IC	52	1	1	0	2
IC	53	2	0	0	5
IC	54	0	1	2	1
IC	55	2	1	2	0
IC	56	0	1	1	0
IC	57	1	2	2	1
IC	58	3	1	0	1
IC	59	1	1	1	0
IC	60	0	0	2	1
IC	61	2	5	2	1
IC	62	0	1	0	3
IC	63	0	2	0	0
IC	64	1	1	1	0
IC	65	0	1	2	2
IC	66	1	2	1	4
IC	67	2	0	0	0
IC	68	2	2	1	2
IC	69	2	1	1	5
IC	70	1	1	0	1
IC	71	2	0	0	1
IC	72	0	1	0	1
IC	73	2	3	0	2
IC	74	0	1	0	1
IC	75	2	2	0	4
IC	76	1	1	1	0
IC	78	0	0	1	3
IC	79	1	3	0	1
IC	80	0	0	0	2
IC	81	0	1	0	0
IC	82	0	3	0	2
IC	83	1	2	0	2
IC	84	2	1	0	0
IC	85	2	6	0	1
IC	86	1	2	0	2
IC	88	0	2	1	2
IC	89	0	3	0	1
IC	90	1	1	0	2
IC	91	3	1	1	4
IC	92	0	2	0	0
IC	93	2	1	1	1
IC	94	0	1	0	2
IC	95	2	1	2	3
IC	96	1	3	0	2
IC	97	0	1	0	1
IC	98	2	1	1	0
IC	99	2	0	1	0
IC	100	0	0	0	1
IC	101	1	0	0	0
IC	102	2	4	2	1
IC	103	2	0	0	1
IC	104	1	0	0	0
IC	105	2	1	1	3
IC	106	1	0	0	2
IC	107	0	2	0	1
IC	108	1	0	0	5
IC	109	1	2	2	1
IC	110	0	1	0	5
IC	111	0	0	1	0
IC	112	0	2	0	0
IC	113	2	0	1	1
IC	114	0	2	0	1
IC	115	1	1	2	1
IC	116	1	3	1	1
IC	117	2	2	1	0
IC	118	0	0	2	3
IC	119	1	2	2	0
IC	120	3	1	1	1
IC	121	1	3	0	1
IC	122	2	1	3	2
IC	123	1	0	1	2
IC	124	2	2	0	1
IC	125	0	0	0	1
IC	126	0	2	1	0
IC	128	2	2	1	0
IC	129	1	1	3	2
IC	130	0	4	1	0
IC	131	1	3	0	2
IC	132	0	2	1	1
IC	133	0	1	2	1
IC	134	0	0	0	2
IC	135	1	1	0	2
IC	136	1	0	1	0
IC	137	0	1	0	2
IC	138	0	0	1	2
IC	139	0	1	1	2
IC	140	3	1	1	2
IC	141	0	2	0	1
IC	142	0	0	2	2
IC	143	1	1	2	0
IC	144	0	1	0	0
IC	145	1	0	1	0
IC	146	2	1	0	1
IC	147	0	2	0	1
# Coverage distribution. Use `grep ^COV | cut -f 2-` to extract this part.
COV	[1-1]	1	847
COV	[2-2]	2	1010
COV	[3-3]	3	1164
COV	[4-4]	4	2099
COV	[5-5]	5	3683
COV	[6-6]	6	7466
COV	[7-7]	7	12631
COV	[8-8]	8	21934
COV	[9-9]	9	32983
COV	[10-10]	10	47999
COV	[11-11]	11	68137
COV	[12-12]	12	89067
COV	[13-13]	13	114697
COV	[14-14]	14	139268
COV	[15-15]	15	163946
COV	[16-16]	16	183628
COV	[17-17]	17	202699
COV	[18-18]	18	213641
COV	[19-19]	19	218700
COV	[20-20]	20	215594
COV	[21-21]	21	206038
COV	[22-22]	22	192741
COV	[23-23]	23	173842
COV	[24-24]	24	155634
COV	[25-25]	25	136116
COV	[26-26]	26	114675
COV	[27-27]	27	96399
COV	[28-28]	28	78795
COV	[29-29]	29	62272
COV	[30-30]	30	48539
COV	[31-31]	31	36146
COV	[32-32]	32	28678
COV	[33-33]	33	20925
COV	[34-34]	34	16086
COV	[35-35]	35	11620
COV	[36-36]	36	9288
COV	[37-37]	37	6433
COV	[38-38]	38	5531
COV	[39-39]	39	3253
COV	[40-40]	40	3117
COV	[41-41]	41	1721
COV	[42-42]	42	1905
COV	[43-43]	43	865
COV	[44-44]	44	1392
COV	[45-45]	45	458
COV	[46-46]	46	932
COV	[47-47]	47	271
COV	[48-48]	48	730
COV	[49-49]	49	238
COV	[50-50]	50	672
COV	[51-51]	51	185
COV	[52-52]	52	471
COV	[53-53]	53	153
COV	[54-54]	54	364
COV	[55-55]	55	78
COV	[56-56]	56	251
COV	[57-57]	57	56
COV	[58-58]	58	198
COV	[59-59]	59	30
COV	[60-60]	60	133
COV	[61-61]	61	20
COV	[62-62]	62	82
COV	[63-63]	63	17
COV	[64-64]	64	58
COV	[65-65]	65	6
COV	[66-66]	66	63
COV	[68-68]	68	54
COV	[70-70]	70	19
COV	[72-72]	72	28
COV	[74-74]	74	21
COV	[76-76]	76	16
COV	[78-78]	78	7
COV	[80-80]	80	9
COV	[82-82]	82	3
# GC-depth. Use `grep ^GCD | cut -f 2-` to extract this part. The columns are: GC%, unique sequence percentiles, 10th, 25th, 50th, 75th and 90th depth percentile
GCD	0.0	1.064	0.000	0.000	0.000	0.000	0.000
GCD	22.0	1.596	0.030	0.030	0.030	0.030	0.030
GCD	24.0	2.128	0.188	0.188	0.188	0.188	0.188
GCD	26.0	2.660	0.165	0.165	0.165	0.165	0.165
GCD	27.0	3.191	0.060	0.060	0.060	0.060	0.060
GCD	28.0	3.723	0.135	0.135	0.135	0.135	0.135
GCD	29.0	4.787	0.052	0.052	1.414	2.775	2.775
GCD	30.0	5.851	0.097	0.097	9.349	18.600	18.600
GCD	31.0	6.915	1.207	1.207	10.571	19.935	19.935
GCD	32.0	7.979	0.075	0.075	10.114	20.153	20.153
GCD	33.0	9.574	6.555	6.555	20.317	20.513	20.513
GCD	34.0	12.766	0.045	3.966	20.093	20.803	20.820
GCD	35.0	18.617	0.095	17.145	19.905	20.528	20.757
GCD	36.0	27.128	4.153	19.358	19.763	20.286	20.455
GCD	37.0	44.681	11.241	19.290	19.763	20.347	20.690
GCD	38.0	65.957	12.585	19.496	20.017	20.464	20.905
GCD	39.0	85.638	19.356	19.507	19.942	20.246	20.694
GCD	40.0	95.745	17.865	19.740	19.987	20.400	20.865
GCD	41.0	98.936	6.307	15.983	19.751	20.248	20.513
GCD	47.0	99.468	6.713	6.713	6.713	6.713	6.713
GCD	49.0	100.000	5.880	5.880	5.880	5.880	5.880
