# This file was produced by samtools stats (1.21+htslib-1.21) and can be plotted using plot-bamstats
# This file contains statistics for all reads.
# The command line was:  stats ../../../mapping/transcriptome/ERR1797970/ERR1797970_sorted.bam
# CHK, Checksum	[2]Read Names	[3]Sequences	[4]Qualities
# CHK, CRC32 of reads which passed filtering followed by addition (32bit overflow)
CHK	f72b6f1b	7abe4ca1	6e1b6b1c
# Summary Numbers. Use `grep ^SN | cut -f 2-` to extract this part.
SN	raw total sequences:	284544	# excluding supplementary and secondary reads
SN	filtered sequences:	0
SN	sequences:	284544
SN	is sorted:	1
SN	1st fragments:	142272
SN	last fragments:	142272
SN	reads mapped:	282238
SN	reads mapped and paired:	282220	# paired-end technology bit set + both mates mapped
SN	reads unmapped:	2306
SN	reads properly paired:	276196	# proper-pair bit set
SN	reads paired:	284544	# paired-end technology bit set
SN	reads duplicated:	0	# PCR or optical duplicate bit set
SN	reads MQ0:	4783	# mapped and MQ=0
SN	reads QC failed:	0
SN	non-primary alignments:	0
SN	supplementary alignments:	375
SN	total length:	28192486	# ignores clipping
SN	total first fragment length:	14106862	# ignores clipping
SN	total last fragment length:	14085624	# ignores clipping
SN	bases mapped:	27976137	# ignores clipping
SN	bases mapped (cigar):	27409915	# more accurate
SN	bases trimmed:	0
SN	bases duplicated:	0
SN	mismatches:	127073	# from NM fields
SN	error rate:	4.636023e-03	# mismatches / bases mapped (cigar)
SN	average length:	99
SN	average first fragment length:	99
SN	average last fragment length:	99
SN	maximum length:	100
SN	maximum first fragment length:	100
SN	maximum last fragment length:	100
SN	average quality:	37.3
SN	insert size average:	143.5
SN	insert size standard deviation:	53.5
SN	inward oriented pairs:	125829
SN	outward oriented pairs:	15053
SN	pairs with other orientation:	21
SN	pairs on different chromosomes:	207
SN	percentage of properly paired reads (%):	97.1
# First Fragment Qualities. Use `grep ^FFQ | cut -f 2-` to extract this part.
# Columns correspond to qualities and rows to cycles. First column is the cycle number.
FFQ	1	0	0	0	0	0	0	0	0	0	0	151	0	0	0	0	0	309	0	0	10	0	0	62	405	0	501	1149	1708	1317	0	6665	42023	0	12145	75827	0	0	0	0	0	0	0	0
FFQ	2	0	0	0	0	0	0	0	0	0	0	314	0	0	0	0	0	411	0	0	2	0	0	151	345	0	441	1023	1924	1016	0	5435	37402	0	6342	87466	0	0	0	0	0	0	0	0
FFQ	3	0	0	0	0	0	0	0	0	0	0	118	0	0	0	0	0	384	0	0	2	0	0	132	321	0	509	970	1871	1229	0	5414	35920	0	6608	88783	11	0	0	0	0	0	0	0
FFQ	4	0	0	0	0	0	0	0	0	0	0	121	0	0	0	0	0	177	0	0	122	0	0	107	0	0	330	534	35	751	3	1354	30	2042	3459	0	26879	0	106328	0	0	0	0	0
FFQ	5	0	0	0	0	0	0	0	0	0	0	130	0	0	0	0	0	142	0	0	92	0	0	107	0	0	265	443	45	630	3	1211	56	1850	3130	0	27915	0	106253	0	0	0	0	0
FFQ	6	0	0	0	0	0	0	0	0	12	0	77	15	0	0	0	10	29	80	101	45	0	24	8	121	0	316	405	91	352	284	1209	252	2033	2671	0	24401	2994	106742	0	0	0	0	0
FFQ	7	0	0	0	0	0	0	0	0	20	0	103	14	0	0	0	16	28	77	74	50	0	16	21	145	0	293	384	120	322	281	1166	300	2142	2692	0	24632	2728	106648	0	0	0	0	0
FFQ	8	0	0	0	0	0	0	0	0	27	0	81	18	0	0	0	23	36	89	83	51	0	30	16	134	0	295	372	149	323	259	1169	254	2135	2681	0	24610	2589	106839	1	8	0	0	0
FFQ	9	0	0	0	0	0	0	0	0	25	0	75	16	0	0	0	15	43	107	74	40	0	16	17	139	0	327	168	443	281	276	1210	211	1862	1776	1360	7145	5	15356	9671	101614	0	0	0
FFQ	10	0	0	0	0	0	0	0	0	22	0	79	26	0	0	0	18	47	78	70	42	0	17	11	156	0	317	157	517	234	290	1247	290	1947	1702	1329	7307	4	15794	9397	101174	0	0	0
FFQ	11	0	0	0	0	0	0	0	0	11	0	72	23	0	0	0	15	35	75	83	37	0	24	15	142	0	291	169	590	146	266	1150	182	1811	1891	1386	7235	4	15645	9458	101516	0	0	0
FFQ	12	0	0	0	0	0	0	0	0	26	0	138	24	0	0	1	20	41	130	81	55	0	19	9	143	2	306	181	605	65	259	1246	193	1844	1927	1254	7340	2	15777	9595	100989	0	0	0
FFQ	13	0	0	0	0	0	0	0	0	7	0	66	12	2	0	0	24	37	85	64	50	2	20	12	150	3	286	174	584	70	268	1202	188	1918	1888	1309	7205	1	15101	9395	102140	3	6	0
FFQ	14	0	0	0	0	0	0	0	0	17	0	70	17	0	0	0	1	47	86	62	55	0	29	15	49	79	296	145	543	64	277	444	901	1219	1987	1461	1321	4544	4210	12643	10726	29721	71243	0
FFQ	15	0	0	0	0	0	0	0	0	27	1	69	15	0	0	1	2	37	106	57	58	1	20	9	52	97	248	165	605	78	251	533	866	1252	1885	1441	1274	4570	4294	12781	11221	29859	70397	0
FFQ	16	0	0	0	0	0	0	0	1	12	0	52	17	0	0	0	3	45	69	67	43	0	16	12	44	94	272	151	618	57	259	509	869	1215	1902	1400	1291	4456	4097	12786	10771	29798	71346	0
FFQ	17	0	0	0	0	0	0	0	0	11	3	61	12	0	0	1	3	35	82	56	43	0	17	10	47	98	277	143	580	51	235	483	800	1166	1850	1377	1367	4471	4008	12328	10675	30069	71913	0
FFQ	18	0	0	0	0	0	0	0	0	14	1	66	23	0	0	0	5	48	79	47	39	0	16	7	53	95	243	128	575	42	254	503	840	1138	1887	1358	1351	4326	4161	12591	10403	29727	72252	0
FFQ	19	0	0	0	0	0	0	1	0	13	3	68	21	0	0	0	2	23	13	118	64	2	23	4	52	110	225	113	558	37	288	476	759	1175	1203	2117	1425	3781	4041	9878	12237	30172	73270	0
FFQ	20	0	0	0	0	0	0	0	0	20	3	43	8	0	0	1	5	38	12	93	49	0	16	7	41	127	223	145	535	41	277	479	745	1120	1165	2104	1355	3713	3874	9891	12017	29709	74416	0
FFQ	21	0	0	0	0	0	0	1	0	13	1	43	15	0	2	0	7	37	12	92	58	0	18	12	54	152	195	116	522	44	301	550	760	1006	1128	2132	1387	3704	3814	9926	12060	29499	74611	0
FFQ	22	0	0	0	0	0	0	0	0	14	10	73	17	0	0	0	10	36	20	113	64	3	16	12	37	152	189	114	542	35	297	511	788	1013	1143	2128	1457	3672	3819	9990	11781	29884	74332	0
FFQ	23	0	0	0	0	0	0	0	0	14	10	54	14	1	0	0	6	43	25	118	66	0	21	12	53	188	194	123	620	50	296	600	778	1145	1110	2211	1528	3694	4272	10229	13118	29334	72345	0
FFQ	24	0	0	0	0	0	0	0	0	31	28	90	19	0	1	0	5	47	39	93	62	1	19	8	53	204	189	127	532	50	278	602	748	1004	1187	2163	1515	3685	4218	10310	12120	28354	74490	0
FFQ	25	0	0	0	0	0	0	0	0	17	6	52	9	1	2	0	6	60	38	81	42	1	18	9	79	194	191	109	511	45	314	658	775	947	1228	2124	1501	3777	4202	10610	12006	28792	73867	0
FFQ	26	0	0	0	0	0	0	1	0	25	17	53	4	0	0	1	12	64	41	90	61	0	14	8	65	204	181	119	524	52	269	746	760	1044	1186	2186	1652	3752	4164	10638	12488	29042	72809	0
FFQ	27	0	0	0	0	0	0	0	0	47	25	59	5	0	1	0	15	92	21	84	64	0	27	4	69	236	282	133	432	53	292	901	773	820	1219	2256	1751	3904	4454	11369	12702	29097	71085	0
FFQ	28	0	0	0	0	0	0	1	1	24	37	30	8	0	0	2	17	48	21	48	45	0	33	8	69	240	232	140	463	55	276	846	779	797	1164	2132	1815	3735	4162	11493	11964	29938	71649	0
FFQ	29	0	0	0	0	0	0	0	2	41	40	44	2	1	1	0	25	81	44	50	61	2	23	24	81	238	220	142	445	66	255	882	771	763	1220	2093	1933	3571	4216	11518	11697	30533	71187	0
FFQ	30	0	0	0	0	0	0	1	2	42	62	39	0	1	1	1	31	79	45	64	47	3	28	21	83	248	193	145	444	50	281	901	776	751	1282	2114	2080	3545	4291	11523	11094	30631	71373	0
FFQ	31	0	0	0	0	0	0	1	2	22	49	30	0	1	1	1	31	76	35	54	38	2	37	13	88	258	261	136	377	60	289	970	749	713	1317	2031	2307	3361	4142	11562	10947	30506	71805	0
FFQ	32	0	0	0	0	0	0	2	3	61	66	19	0	1	2	1	34	55	20	73	54	5	32	23	71	234	219	152	383	85	290	933	794	716	1349	1931	2381	3333	4118	11697	10563	30572	72000	0
FFQ	33	0	0	0	0	0	0	0	4	25	49	12	0	3	0	3	42	83	18	52	64	4	38	25	88	235	240	145	376	82	293	998	885	688	1463	1872	2545	3349	4076	11613	10394	30732	71776	0
FFQ	34	0	0	0	0	0	0	1	4	32	44	6	0	1	4	5	34	64	14	62	52	4	46	15	79	267	248	180	378	67	337	1060	826	637	1483	1867	2624	3182	4180	11874	10051	30770	71774	0
FFQ	35	0	0	0	0	0	0	5	3	58	74	1	0	1	5	10	56	94	8	53	54	7	51	28	96	278	287	174	327	91	287	1154	835	571	1471	1887	3023	3043	4615	12401	10294	30271	70659	0
FFQ	36	0	0	0	0	0	0	2	3	50	70	0	0	1	4	5	51	49	1	63	53	9	42	19	98	256	268	184	358	117	293	1128	883	642	1534	1690	2945	2852	4381	12256	10131	30700	71134	0
FFQ	37	0	0	0	0	0	0	5	5	34	43	0	0	2	2	6	48	43	4	63	56	13	42	22	94	251	245	227	293	115	302	1011	883	662	1665	1657	3058	2846	4372	12062	9875	30696	71570	0
FFQ	38	0	0	0	0	0	0	0	10	42	58	0	0	1	5	0	55	40	10	57	56	11	58	26	112	235	202	161	342	143	327	1024	847	622	1659	1611	3118	2896	4242	12093	9915	30927	71367	0
FFQ	39	0	0	0	0	0	0	4	3	28	44	0	1	3	6	7	68	43	5	54	65	9	50	33	119	252	198	212	352	158	285	993	922	684	1702	1578	3184	2907	4312	11607	9810	30360	72214	0
FFQ	40	0	0	0	0	0	0	4	6	35	52	1	1	0	6	16	50	25	16	43	71	12	58	39	115	245	201	179	327	159	313	967	927	639	1906	1616	3326	2841	4507	11428	9675	29861	72605	0
FFQ	41	0	0	0	0	0	0	5	9	53	83	0	0	7	4	12	78	27	9	61	56	9	69	54	113	290	176	193	308	179	329	940	990	662	1928	1469	3389	2846	4658	11643	9811	30059	71753	0
FFQ	42	0	0	0	0	0	0	5	7	25	55	0	2	0	10	10	66	15	13	57	59	16	58	58	127	282	179	224	298	192	332	1045	1004	690	1870	1649	3495	2806	4889	11575	9865	30130	71164	0
FFQ	43	0	0	0	0	0	0	3	16	28	55	0	2	1	7	13	63	15	12	48	71	12	57	59	148	291	127	202	341	217	313	961	989	712	1990	1578	3551	3045	4905	11568	10225	29727	70920	0
FFQ	44	0	0	0	0	0	0	3	10	35	41	0	0	3	10	16	60	13	9	62	52	20	64	56	141	268	106	258	354	258	351	911	1031	775	2011	1678	3719	3135	5130	11475	11085	29630	69502	0
FFQ	45	0	0	0	0	0	0	5	12	23	39	0	0	6	12	13	54	8	14	47	56	9	58	54	160	263	112	269	314	254	352	883	1065	801	2119	1716	3721	3346	5342	11518	11279	29722	68626	0
FFQ	46	0	0	0	0	0	0	6	19	42	65	0	0	5	17	26	69	13	16	49	73	18	62	83	186	286	92	278	364	318	370	925	1037	808	2052	1840	4003	3424	5635	11224	11558	29202	68107	0
FFQ	47	0	0	0	0	0	0	7	13	46	38	0	1	8	13	26	81	12	24	52	56	23	64	89	278	273	82	345	303	357	333	999	1105	835	2275	1900	4342	3481	6160	11719	13062	28581	65289	0
FFQ	48	0	0	0	0	0	0	4	27	40	37	0	1	7	11	29	35	8	15	63	72	27	75	83	201	296	72	344	326	402	335	910	1096	865	2171	2037	4299	3765	6111	11345	13530	28887	64746	0
FFQ	49	0	0	0	0	0	0	10	20	39	38	0	1	6	19	30	49	14	17	58	74	21	71	97	202	267	61	352	303	403	395	778	1107	868	2169	2084	4421	3754	6784	10141	13979	29012	64628	0
FFQ	50	0	0	0	0	0	0	10	25	45	39	0	4	4	22	29	37	9	22	64	66	39	62	89	222	292	67	361	300	497	376	834	1095	924	2273	2255	4731	4028	7358	10244	14277	28042	63530	0
FFQ	51	0	0	0	0	0	1	10	23	60	33	0	3	8	27	26	19	16	13	63	72	38	72	100	284	216	47	414	282	625	424	757	1254	929	2149	2574	4900	4444	7969	9979	14062	28176	62127	0
FFQ	52	0	0	0	0	0	0	10	27	42	31	2	1	7	43	37	23	13	20	62	60	47	67	99	242	220	57	467	279	629	421	690	1257	1009	2097	2716	5226	4566	8430	9862	14212	27161	61989	0
FFQ	53	0	0	0	0	0	0	4	27	58	18	0	7	10	39	27	12	24	19	64	53	43	74	116	225	195	48	463	248	688	439	617	1335	1073	2081	2923	5781	4947	8432	9662	14787	26437	61067	0
FFQ	54	0	0	0	0	0	1	10	26	41	14	0	1	10	36	31	13	13	26	68	59	55	75	143	266	189	41	504	261	688	467	626	1363	1157	1960	3034	6745	5175	8449	9429	15698	25673	59623	0
FFQ	55	0	0	0	0	0	0	7	37	45	11	0	4	14	36	36	16	21	22	35	58	76	83	140	264	97	95	525	231	707	457	619	1419	1228	1998	3282	6905	5779	8809	9651	16239	24813	58132	0
FFQ	56	0	0	0	0	0	0	10	33	51	2	1	4	5	38	24	11	21	24	50	48	72	88	167	185	104	112	575	224	733	477	606	1527	1350	1915	3558	7820	6236	9082	9528	16552	24337	56236	0
FFQ	57	0	0	0	0	0	1	27	49	59	17	0	7	9	51	21	13	12	21	71	48	79	108	172	191	86	130	588	233	797	564	545	1644	1413	1920	3759	8524	6635	9555	9303	16995	23370	54712	0
FFQ	58	0	0	0	0	0	0	11	37	64	12	1	4	15	62	28	11	9	28	86	50	83	79	179	215	106	143	601	232	842	553	561	1574	1396	2193	3894	9341	7231	10359	8948	18006	22593	52097	0
FFQ	59	0	0	0	0	0	0	8	22	44	4	0	6	11	45	25	9	14	19	79	55	99	95	200	199	77	128	624	188	835	605	592	1684	1495	2152	4032	10318	7902	10787	8596	18557	21660	50405	0
FFQ	60	0	0	0	0	0	0	7	15	54	5	0	5	6	29	31	8	8	23	78	54	104	93	213	194	78	140	659	216	796	597	672	1628	1638	2086	4401	11551	8731	11070	8278	19008	20641	48383	0
FFQ	61	0	0	0	0	0	3	63	123	236	5	2	19	39	126	57	7	27	24	106	63	109	112	232	215	88	139	780	245	801	675	772	1794	1767	2239	4618	12723	9347	11300	8059	20685	19220	44526	0
FFQ	62	0	0	0	0	0	2	19	45	85	5	0	10	19	95	54	3	15	27	102	53	144	120	270	221	100	141	773	223	853	698	875	1700	1857	2381	4790	14251	10135	12185	7305	25474	16692	39514	0
FFQ	63	0	0	0	0	0	1	12	38	84	1	0	12	22	71	33	1	6	25	80	42	107	103	238	169	85	151	831	272	825	772	954	1734	1944	2609	5159	15641	10573	14309	6875	27981	14673	34721	0
FFQ	64	0	0	0	0	0	0	12	24	52	0	0	6	11	53	23	3	29	20	97	43	147	90	225	155	104	145	774	236	758	806	947	1663	1825	2810	5327	17271	11486	16198	6405	29054	13027	31225	0
FFQ	65	0	0	0	0	0	0	23	41	71	1	0	15	11	43	30	2	7	20	78	64	111	92	235	160	94	182	734	245	697	839	1043	1662	2012	2987	5738	19073	12107	17330	5870	32907	10905	25533	0
FFQ	66	0	0	0	0	0	0	21	45	73	0	2	12	9	57	17	1	13	25	92	42	118	106	243	132	120	155	693	243	670	920	1166	1694	2084	2985	6284	21159	13082	19891	5325	31609	9349	22426	0
FFQ	67	0	0	0	0	0	2	13	39	58	0	4	10	6	57	23	3	12	21	116	39	111	92	216	150	106	176	828	237	644	998	1218	1718	2226	3190	6838	25040	14101	19664	4970	29920	8204	19725	0
FFQ	68	0	0	0	0	0	1	6	38	56	0	0	10	11	48	27	5	16	20	110	41	127	87	221	154	154	204	904	286	600	1091	1311	2022	1975	3827	7086	28273	14867	26553	3819	22601	7161	16923	0
FFQ	69	0	0	0	0	0	0	12	39	42	0	0	10	8	28	29	2	7	39	99	33	122	140	176	221	134	204	992	270	725	1093	1449	2074	2200	4320	7677	30516	16124	27650	3320	21528	5571	13694	0
FFQ	70	0	0	0	0	0	1	13	36	41	0	2	9	9	39	23	4	18	23	120	38	122	107	187	170	153	203	989	245	595	1157	1395	2207	2169	4481	8188	32851	17342	28363	2944	20420	4516	11272	0
FFQ	71	0	0	0	0	0	0	11	42	26	0	0	15	3	39	30	10	15	27	93	34	145	105	159	200	159	227	963	280	543	1166	1604	2147	2196	4986	8257	35864	17982	28893	2442	19029	3676	8998	0
FFQ	72	0	0	0	0	0	4	10	60	33	0	7	11	7	22	31	6	17	35	109	19	157	117	127	160	196	221	930	306	648	1226	1609	2186	2618	5015	9825	44077	18545	23710	2008	16382	2926	6931	0
FFQ	73	0	0	0	0	0	0	9	54	16	0	3	13	7	33	23	9	14	26	100	23	148	117	116	166	186	260	969	259	540	1342	1487	2285	2738	4873	10995	47970	19459	21956	1645	14372	2376	5628	0
FFQ	74	0	0	0	0	0	0	11	45	28	0	5	9	6	26	21	10	13	26	130	38	168	110	117	183	172	279	980	264	523	1415	1540	2337	2677	5122	11728	52206	20516	19387	1371	12595	1766	4301	0
FFQ	75	0	0	0	0	0	2	4	57	27	0	7	16	16	24	14	11	13	49	110	36	165	118	94	156	184	301	919	352	531	1435	1668	2471	2617	5757	11559	53259	22768	18954	1075	10626	1337	3305	0
FFQ	76	0	0	0	0	0	1	13	73	31	0	6	15	7	33	17	9	7	42	147	35	198	98	102	197	215	356	926	354	497	1481	1564	2513	2693	5985	12038	58645	19938	18434	887	8832	1009	2513	0
FFQ	77	0	0	0	0	0	3	8	66	11	0	0	13	13	15	9	18	12	38	125	33	258	102	104	172	245	399	903	421	469	1643	1571	2516	2795	6169	12505	61758	20233	16460	725	7410	770	1830	0
FFQ	78	0	0	0	0	0	2	6	54	13	0	5	11	10	13	15	11	14	27	134	47	199	79	75	176	234	345	828	473	360	1709	1526	2445	2956	5970	13695	63580	22139	13847	569	6400	539	1235	0
FFQ	79	0	0	0	0	0	1	6	60	8	0	4	13	15	14	12	14	12	53	138	48	219	87	56	177	216	400	795	493	436	1563	1676	2503	3015	6614	13512	68888	19945	11866	426	5109	346	904	0
FFQ	80	0	0	0	0	0	0	4	49	6	0	4	12	15	8	16	14	17	41	123	44	201	86	54	164	200	427	768	430	383	1563	1579	2519	2983	6044	14570	72083	19261	10566	349	4093	245	620	0
FFQ	81	0	0	0	0	0	2	6	88	9	0	10	17	11	14	10	22	12	29	107	55	249	59	49	160	220	450	687	480	378	1606	1394	2637	3053	5969	15060	74304	19161	9236	253	3113	145	374	0
FFQ	82	0	0	0	0	0	1	4	53	6	0	8	13	10	10	9	17	7	41	122	38	262	52	44	169	269	463	628	532	270	1574	1603	2479	3021	6034	15166	75658	19340	8529	170	2419	98	222	0
FFQ	83	0	0	0	0	0	4	8	101	9	0	11	35	15	6	5	20	21	55	139	49	210	54	40	227	280	440	614	676	273	1503	1779	2525	3056	7102	14309	79225	17357	6989	114	1771	56	150	0
FFQ	84	0	0	0	0	0	0	4	56	5	0	10	14	24	9	12	13	14	42	101	56	228	44	40	243	293	488	588	560	260	1625	1566	2538	2920	6495	15429	81914	16071	6027	84	1250	35	73	0
FFQ	85	0	0	0	0	0	3	8	82	1	0	12	16	15	5	7	20	14	49	131	43	226	40	36	189	333	545	509	608	259	1607	1635	2522	2962	6418	16090	84410	14183	5024	49	909	19	31	0
FFQ	86	0	0	0	0	0	2	8	52	3	0	10	19	16	11	2	12	19	38	146	53	256	34	30	238	282	562	471	627	242	1553	1603	2625	3076	6788	15340	84000	16150	3996	43	575	10	19	0
FFQ	87	0	0	0	0	0	2	8	110	5	0	12	22	13	1	8	19	10	37	137	73	249	26	29	210	286	572	458	713	190	1616	1587	2503	2947	6668	16097	87440	12965	3345	24	398	5	9	0
FFQ	88	0	0	0	0	0	2	4	57	3	0	11	22	15	7	3	17	19	41	128	68	225	30	26	301	295	595	411	748	213	1502	1869	2603	2880	7296	15320	89024	11940	2714	20	248	4	3	0
FFQ	89	0	0	0	0	0	6	5	74	2	0	11	17	11	2	19	23	22	45	140	74	241	25	19	288	309	651	418	778	264	1569	1681	2753	2983	7801	15265	89759	10987	2143	16	150	1	3	0
FFQ	90	0	0	0	0	0	7	3	68	4	0	7	14	16	2	7	30	15	58	152	73	257	26	23	264	446	568	328	874	143	1651	1665	2677	2902	8276	15051	90691	10284	1785	10	86	0	1	0
FFQ	91	0	0	0	0	0	3	1	62	5	1	11	14	20	1	5	37	17	56	114	79	239	11	24	265	450	594	268	940	138	1760	1678	2604	2956	8389	14844	91538	9662	1510	3	43	0	1	0
FFQ	92	0	0	0	0	0	3	4	53	5	0	11	14	18	1	4	31	15	39	134	78	288	10	18	278	464	564	270	961	138	1730	1544	2775	2919	8125	14914	91994	9647	1146	0	21	0	0	0
FFQ	93	0	0	0	0	0	5	3	55	2	0	19	7	26	0	3	45	26	43	133	96	321	9	27	282	505	574	226	950	112	1794	1567	2892	2895	8678	14909	91506	9315	1052	0	18	0	0	0
FFQ	94	0	0	0	0	0	3	2	58	2	0	12	5	22	0	1	45	19	42	137	93	244	6	24	246	493	607	193	1058	87	1834	1604	2686	2739	8701	14423	91876	9771	921	0	6	0	0	0
FFQ	95	0	0	0	0	0	6	3	73	1	0	16	6	2	10	4	41	14	59	138	112	253	8	22	265	463	678	184	1032	88	1691	1697	2646	2788	8791	14388	93214	8359	742	0	4	0	0	0
FFQ	96	0	0	0	0	0	4	3	69	1	0	12	5	1	9	1	41	13	45	119	108	231	4	18	274	441	571	161	938	73	1629	1655	2657	2899	9036	14046	92995	9012	595	0	1	0	0	0
FFQ	97	0	0	0	0	0	4	0	52	0	0	10	8	1	16	0	41	9	49	130	124	232	5	17	239	469	670	120	884	61	1700	1463	2713	2798	7926	15392	93373	8390	617	0	1	0	0	0
FFQ	98	0	0	0	0	0	2	0	33	1	0	5	2	0	9	0	41	13	43	127	118	184	4	21	225	436	634	96	866	58	1793	1450	2571	2723	7764	15198	94021	8366	528	0	0	0	0	0
FFQ	99	0	0	0	0	0	0	0	0	0	0	0	0	0	2	1	34	12	45	107	132	206	2	23	266	470	647	66	974	46	1676	1488	2673	2734	7713	14699	91154	11534	397	0	0	0	0	0
FFQ	100	0	0	0	0	0	0	0	0	0	0	0	0	0	0	0	0	0	0	0	0	198	1	27	237	421	593	72	993	29	1697	1410	2710	2833	7705	14986	94196	8049	364	0	0	0	0	0
# Last Fragment Qualities. Use `grep ^LFQ | cut -f 2-` to extract this part.
# Columns correspond to qualities and rows to cycles. First column is the cycle number.
LFQ	1	0	0	0	0	0	0	0	0	0	0	217	0	0	0	0	0	831	0	0	35	0	0	58	506	2	1487	1286	1638	2998	21	9586	54275	0	17310	52022	0	0	0	0	0	0	0	0
LFQ	2	0	0	0	0	0	0	0	2	0	0	403	0	0	0	0	0	627	0	0	4	0	0	143	493	0	988	1459	2004	2324	33	7968	49185	0	11818	64821	0	0	0	0	0	0	0	0
LFQ	3	0	0	0	0	0	0	0	1	0	0	488	0	0	0	0	0	679	0	0	1	0	0	241	474	0	968	1512	2291	2114	21	7584	46247	0	10197	69454	0	0	0	0	0	0	0	0
LFQ	4	0	0	0	0	0	0	0	0	0	0	486	0	0	0	0	0	391	12	0	284	0	0	199	0	0	452	718	120	1351	9	1806	45	3266	5080	0	36316	0	91737	0	0	0	0	0
LFQ	5	0	0	0	0	0	0	0	3	0	0	479	0	0	0	0	0	391	18	0	286	0	0	189	0	0	445	686	77	1262	8	1657	52	3184	4851	0	36387	0	92297	0	0	0	0	0
LFQ	6	0	0	0	0	0	0	0	0	49	0	95	21	0	0	0	47	46	161	70	68	0	28	33	150	0	333	348	152	767	273	1263	764	3309	3353	0	32694	3154	95094	0	0	0	0	0
LFQ	7	0	0	0	0	0	0	0	0	48	0	109	30	0	0	0	56	59	114	63	52	0	31	23	165	1	327	337	165	505	220	1202	649	2648	2784	0	30807	3075	98802	0	0	0	0	0
LFQ	8	0	0	0	0	0	0	0	0	27	0	64	22	0	0	0	35	48	93	33	62	0	19	21	121	1	276	307	186	366	247	1074	501	2253	2511	0	28694	2821	102490	0	0	0	0	0
LFQ	9	0	0	0	0	0	0	0	0	20	0	75	35	0	0	0	22	36	113	38	70	0	10	25	123	0	304	142	511	281	296	1196	232	1845	1974	1289	7287	11	15129	9254	101954	0	0	0
LFQ	10	0	0	0	0	0	0	0	1	10	0	83	31	0	0	0	11	42	89	40	86	0	20	25	146	0	302	150	546	211	279	1289	116	1954	2018	1336	7182	10	15131	9274	101890	0	0	0
LFQ	11	0	0	0	0	0	0	0	0	9	0	100	37	0	0	0	14	23	134	36	56	0	14	19	93	0	286	121	646	165	309	1226	104	1811	1978	1301	7098	12	15270	8906	102504	0	0	0
LFQ	12	0	0	0	0	0	0	0	0	8	0	78	37	0	0	0	10	26	97	55	91	0	11	14	136	1	309	152	642	67	286	1252	108	1860	2103	1215	7201	12	14396	9219	102886	0	0	0
LFQ	13	0	0	0	0	0	0	0	0	11	1	57	45	0	0	0	26	25	93	53	77	0	7	20	134	4	278	144	713	47	320	1250	169	1860	2141	1243	7308	9	14849	9955	101433	0	0	0
LFQ	14	0	0	0	0	0	0	0	0	10	0	72	45	0	0	0	1	39	130	37	95	0	11	15	40	103	312	133	697	51	336	519	864	1308	2032	1418	1161	4571	3924	12569	10321	30164	71294	0
LFQ	15	0	0	0	0	0	0	0	0	5	0	63	29	0	0	0	1	27	103	60	79	0	15	13	32	111	292	113	748	63	325	522	849	1257	2020	1475	1206	4581	4017	12205	9886	29522	72653	0
LFQ	16	0	0	0	0	0	0	0	0	8	0	88	44	0	0	0	2	40	113	64	91	0	21	15	21	122	289	120	778	59	319	539	768	1316	2131	1429	1208	4576	3963	12273	9527	29310	73038	0
LFQ	17	0	0	0	0	0	0	0	0	5	0	70	35	0	0	0	2	25	90	52	62	0	11	14	31	85	270	95	690	53	319	532	768	1296	2081	1349	1146	4347	3935	11997	9986	28975	73951	0
LFQ	18	0	0	0	0	0	0	0	0	8	0	73	35	0	0	0	0	36	94	43	100	0	13	27	27	108	283	91	682	43	325	513	816	1260	2046	1405	1171	4502	3849	12204	9863	29751	72904	0
LFQ	19	0	0	0	0	0	0	0	0	6	2	94	42	0	0	0	3	43	5	161	90	0	11	26	37	131	296	107	722	47	308	557	810	1294	1298	2306	1204	4003	3903	9291	12803	30639	72033	0
LFQ	20	0	0	0	0	0	0	0	0	14	1	70	39	0	0	2	1	23	14	132	84	0	9	22	38	114	269	84	754	39	287	567	793	1314	1202	2252	1244	3749	4039	8986	14001	30809	71320	0
LFQ	21	0	0	0	0	0	0	0	0	13	3	75	42	0	0	0	3	28	14	146	88	0	14	17	43	124	276	108	752	53	317	561	772	1343	1234	2364	1305	3907	4068	9022	14143	30072	71365	0
LFQ	22	0	0	0	0	0	0	0	0	8	0	64	63	0	0	1	4	44	19	151	108	1	12	24	50	158	303	100	781	54	347	614	810	1367	1263	2367	1229	3952	4345	9045	15495	30019	69474	0
LFQ	23	0	0	0	0	0	0	0	0	11	2	87	32	0	0	0	4	36	47	107	88	0	8	14	45	179	225	107	684	47	328	671	845	1304	1276	2466	1258	3981	4345	9200	15520	30214	69141	0
LFQ	24	0	0	0	0	0	0	0	0	11	10	71	25	0	0	0	7	43	30	97	94	0	14	18	45	186	255	85	642	48	343	627	875	1204	1313	2317	1336	3901	4133	9765	12133	29690	72954	0
LFQ	25	0	0	0	0	0	0	0	0	15	12	73	19	0	0	0	2	33	37	85	87	0	19	23	52	224	213	91	674	50	376	621	850	1138	1287	2248	1335	3726	3925	9945	11848	29078	74186	0
LFQ	26	0	0	0	0	0	0	0	0	21	26	93	21	0	0	1	12	48	49	94	128	0	8	14	47	275	218	96	666	52	407	699	887	1158	1301	2130	1393	4028	3690	10016	11186	28919	74589	0
LFQ	27	0	0	0	0	0	0	0	0	30	18	113	25	0	0	1	12	54	61	83	123	0	19	15	45	261	221	75	628	42	370	772	919	1058	1338	2212	1450	3847	3773	10057	10634	28752	75264	0
LFQ	28	0	0	0	0	0	0	0	0	26	31	79	10	0	0	0	12	81	53	71	119	1	25	20	68	313	231	95	658	60	355	898	898	1124	1408	2313	1467	4035	3897	10374	10722	29152	73676	0
LFQ	29	0	0	0	0	0	0	0	3	29	33	66	9	1	1	0	15	56	50	68	93	0	18	6	59	320	222	129	585	61	353	887	868	1048	1341	2189	1673	3942	3917	10226	10700	29373	73931	0
LFQ	30	0	0	0	0	0	0	0	1	24	45	56	5	0	0	1	20	62	42	47	87	0	22	20	77	314	204	103	543	65	325	934	864	939	1401	2102	1718	3749	3898	10954	9735	29800	74115	0
LFQ	31	0	0	0	0	0	0	0	1	27	30	38	1	1	0	1	24	78	33	40	75	0	31	30	87	299	222	138	466	77	310	971	839	870	1377	2008	1815	3721	3863	10937	9302	29146	75414	0
LFQ	32	0	0	0	0	0	0	0	2	51	57	41	0	1	3	1	28	86	24	54	89	3	37	19	81	272	264	141	491	78	288	957	802	893	1433	1970	1939	3608	3711	11080	8957	29280	75531	0
LFQ	33	0	0	0	0	0	0	0	1	76	77	44	0	0	2	2	56	113	17	59	65	1	65	29	133	234	333	120	485	84	314	1077	925	894	1526	1772	2156	3664	3685	11306	8456	29898	74603	0
LFQ	34	0	0	0	0	0	0	0	0	53	64	14	0	1	0	3	53	106	21	63	52	4	86	17	115	278	369	108	457	87	354	1128	989	866	1563	1810	2438	3407	3998	11532	8431	29758	74047	0
LFQ	35	0	0	0	0	0	0	2	3	62	60	8	0	2	3	3	80	70	7	34	60	3	112	29	127	309	392	112	436	77	325	1236	1016	863	1649	1678	2744	3288	4140	12070	8911	29780	72581	0
LFQ	36	0	0	0	0	0	0	0	10	32	70	5	0	1	3	3	101	59	7	37	84	3	105	32	120	316	359	125	457	104	323	1273	1046	827	1676	1583	2766	3105	4215	12025	8767	30274	72359	0
LFQ	37	0	0	0	0	0	0	2	19	33	66	1	0	3	5	7	66	53	3	43	63	5	77	34	106	311	325	172	416	98	317	1228	977	751	1837	1593	2687	2972	4147	12208	8770	30071	72806	0
LFQ	38	0	0	0	0	0	0	2	6	34	62	0	0	1	7	12	38	55	11	52	62	5	47	37	115	272	251	159	387	146	330	1186	871	702	1852	1649	2767	2914	4107	11812	8437	29902	73982	0
LFQ	39	0	0	0	0	0	0	7	1	36	66	0	0	3	3	8	44	41	10	55	89	8	63	45	138	324	205	165	433	179	375	1087	959	694	1912	1700	2793	3010	4073	11458	8503	29470	74315	0
LFQ	40	0	0	0	0	0	0	0	4	32	72	0	0	2	11	10	62	37	5	64	89	8	73	33	127	294	206	165	447	221	374	1010	938	731	1939	1823	2831	2866	4195	11598	8638	29896	73471	0
LFQ	41	0	0	0	0	0	0	2	5	45	67	0	0	1	7	9	60	28	4	58	96	5	66	38	149	291	204	147	469	285	389	1026	969	778	2112	1758	2819	3067	4269	11796	8431	31212	71610	0
LFQ	42	0	0	0	0	0	0	4	14	32	60	0	0	2	10	12	65	41	12	61	86	3	72	48	160	341	203	241	456	293	409	1027	1043	804	2131	1787	3067	2979	4438	12137	8862	31582	69790	0
LFQ	43	0	0	0	0	0	0	3	12	41	65	0	1	0	13	13	65	18	11	55	83	13	67	46	176	326	168	222	395	330	415	1019	1072	830	2067	1883	2983	2851	4588	12014	9147	31178	70102	0
LFQ	44	0	0	0	0	0	0	6	27	43	83	0	0	5	18	16	74	35	23	50	64	14	73	66	139	349	162	279	377	352	355	939	1043	834	2028	1894	2991	2860	4653	11863	8951	30790	70816	0
LFQ	45	0	0	0	0	0	0	2	39	30	42	0	0	2	77	18	66	23	30	50	72	14	92	71	313	296	174	304	334	696	333	932	1294	861	2235	2138	3029	2844	5605	12198	9583	30981	67494	0
LFQ	46	0	0	0	0	0	0	12	59	84	90	0	0	10	79	13	94	17	43	52	90	19	160	68	298	321	202	329	378	809	360	952	1711	948	2076	2383	3197	3170	6031	12588	10857	31378	63394	0
LFQ	47	0	0	0	0	0	0	12	67	64	65	0	0	9	112	34	90	26	21	47	77	35	158	90	399	310	153	398	377	972	406	900	1864	976	2009	2591	3179	3015	6529	12888	11986	31366	61047	0
LFQ	48	0	0	0	0	0	0	10	34	64	38	0	2	2	80	33	93	35	17	45	93	59	146	128	433	263	106	438	329	848	409	1029	1830	1077	2222	2586	3475	3237	6703	13310	13476	31424	58198	0
LFQ	49	0	0	0	0	0	0	35	17	58	63	0	1	28	31	54	53	31	12	48	125	113	81	138	248	263	124	598	356	571	343	862	1620	1289	2421	2119	3380	4313	4946	11915	14296	32044	59676	0
LFQ	50	0	0	0	0	0	0	30	16	30	57	0	3	21	22	49	41	18	9	42	125	130	95	139	286	293	145	521	437	554	459	852	1462	1488	2481	2034	3342	4569	4869	11405	14497	31554	60197	0
LFQ	51	0	0	0	0	0	0	37	25	51	46	0	3	57	27	51	30	13	25	48	150	135	103	147	263	264	320	374	445	844	416	896	1206	1598	2511	2195	3265	5753	5544	10249	20701	27443	56920	0
LFQ	52	0	0	0	0	0	0	14	22	39	42	0	4	34	35	39	33	16	19	57	101	95	101	139	218	260	182	393	353	935	468	998	1143	1665	2139	2546	3380	6170	5811	9692	22571	26217	56120	0
LFQ	53	0	0	0	0	0	0	9	44	39	32	0	4	4	54	23	22	16	27	64	86	44	211	136	201	226	66	418	333	925	461	1233	1167	1731	1863	3065	3600	6423	6821	9484	24499	24950	53667	0
LFQ	54	0	0	0	0	0	0	11	33	44	30	0	0	7	43	20	25	33	28	83	63	41	115	181	217	245	50	534	332	750	579	1032	1345	1434	2323	2680	4418	6228	12557	9419	20887	24435	51634	0
LFQ	55	0	0	0	0	0	0	20	52	89	42	0	8	11	47	34	22	27	16	72	79	62	87	175	206	150	119	643	278	698	578	834	1382	1439	2258	3065	4619	6093	14982	9609	19632	23036	51285	0
LFQ	56	0	0	0	0	0	0	18	20	53	28	0	1	7	51	29	23	10	22	83	79	63	89	196	245	183	144	665	333	704	687	800	1608	1301	2504	3215	5495	6228	20068	8903	15070	22751	49974	0
LFQ	57	0	0	0	0	0	1	23	41	93	40	0	9	14	68	34	17	15	22	86	102	91	68	254	229	271	125	785	358	786	687	1023	1851	1246	2881	3481	6493	6775	19582	8484	14318	21977	49196	0
LFQ	58	0	0	0	0	0	0	14	24	91	13	0	3	5	65	33	20	15	22	89	62	64	79	303	216	165	136	969	277	675	715	1068	1982	1334	2657	4111	7111	7542	19176	8480	14293	21358	48275	0
LFQ	59	0	0	0	0	0	0	8	35	73	12	1	2	9	58	25	10	17	18	92	74	77	115	307	213	175	135	912	333	760	766	1096	1941	1704	2851	4928	9551	8909	16720	8130	14194	20696	46384	0
LFQ	60	0	0	0	0	0	0	19	44	70	17	0	18	10	64	45	5	15	10	113	56	80	181	176	222	193	134	854	335	806	1138	704	1944	2431	2411	6778	10950	14108	9940	7766	14684	19925	44938	0
LFQ	61	0	0	0	0	0	1	21	25	47	8	0	10	12	47	48	13	23	21	125	66	74	119	187	230	211	139	755	376	851	1132	670	1844	2579	2681	6536	14352	13030	9931	7803	15013	19303	42792	0
LFQ	62	0	0	0	0	0	0	17	23	45	6	0	13	3	43	34	7	13	13	117	67	71	82	217	237	261	99	755	342	1003	1006	848	2028	2626	2882	6393	17436	12126	9742	7458	16297	18853	39810	0
LFQ	63	0	0	0	0	0	0	12	34	59	3	0	6	13	29	39	4	31	22	111	65	133	90	202	198	162	120	954	224	1020	869	1271	2079	2203	4243	5706	20460	10834	10107	7266	16411	17698	38163	0
LFQ	64	0	0	0	0	0	1	13	42	77	4	0	6	15	42	22	6	39	27	100	49	149	91	237	153	82	136	934	220	1023	846	1363	2179	2179	4235	5857	22134	11079	10761	6874	18553	16125	35075	0
LFQ	65	0	0	0	0	0	0	13	38	57	2	0	9	25	49	15	1	35	10	78	58	202	84	230	179	83	148	1031	200	1025	928	1311	2325	2057	3664	7050	24912	9377	11862	6581	19673	14636	32664	0
LFQ	66	0	0	0	0	0	0	13	37	41	3	1	4	13	38	16	2	28	15	90	56	184	82	228	149	76	144	1067	180	833	1077	1041	2172	2302	2917	8316	26264	10575	12481	6257	20169	13483	30141	0
LFQ	67	0	0	0	0	0	0	6	42	36	0	1	11	10	49	26	0	30	22	104	42	156	78	212	157	108	157	1047	183	783	1112	1043	2089	2265	3426	7595	28882	10494	13573	5748	20510	12496	27896	0
LFQ	68	0	0	0	0	0	0	12	34	46	1	1	13	6	37	21	2	7	41	119	57	140	81	196	173	145	194	982	201	863	1170	1304	2173	2355	4412	7212	30307	10233	14548	5273	20753	11285	25886	0
LFQ	69	0	0	0	0	0	1	27	65	58	0	1	11	9	45	25	4	19	45	96	42	143	100	202	197	239	243	962	398	899	954	1644	2148	2480	5893	6521	31812	11406	15901	5043	19546	10217	22782	0
LFQ	70	0	0	0	0	0	1	22	54	44	0	1	9	12	62	39	4	23	50	91	43	195	103	278	178	316	214	1001	621	816	961	2088	2225	2658	7030	6204	33478	12542	16216	4356	22820	7775	17559	0
LFQ	71	0	0	0	0	0	3	23	71	80	0	1	19	10	67	13	0	22	57	94	37	192	76	280	158	337	145	922	597	813	1029	2241	2188	2939	7078	6931	35691	13410	16563	3702	22713	6684	14789	0
LFQ	72	0	0	0	0	0	3	11	58	71	0	2	26	16	53	19	6	12	38	95	22	173	91	202	121	283	210	920	482	696	1197	1839	2129	2755	5853	7956	37684	14585	18198	3467	22107	5698	12761	0
LFQ	73	0	0	0	0	0	0	7	48	43	0	0	11	12	21	14	6	19	27	115	24	162	87	191	135	234	233	911	384	631	1277	1564	2134	2713	4966	9246	40148	15192	18620	3065	21935	4816	10740	0
LFQ	74	0	0	0	0	0	0	7	40	41	0	2	3	6	32	14	5	16	27	126	24	160	74	177	124	167	343	849	294	532	1339	1518	2163	2602	4109	10614	42726	15629	19463	2991	20348	4085	8979	0
LFQ	75	0	0	0	0	0	0	16	60	59	0	3	14	8	34	20	2	13	33	122	18	177	79	160	139	179	331	889	344	564	1340	1353	2225	2514	4189	11334	45255	15998	20794	2552	17941	3300	7467	0
LFQ	76	0	0	0	0	0	2	3	68	28	0	3	18	7	26	18	10	11	36	139	26	198	88	140	117	278	320	881	422	475	1378	1595	2277	2693	4447	11754	47209	17250	22419	1879	14629	2575	5995	0
LFQ	77	0	0	0	0	0	3	16	65	45	0	0	15	9	35	6	8	13	19	135	27	200	96	143	145	251	314	870	488	437	1421	1541	2323	2746	5171	11901	50018	17689	22312	1662	12368	2084	4702	0
LFQ	78	0	0	0	0	0	1	3	57	22	0	4	13	9	35	8	17	17	32	115	35	173	88	158	156	185	366	853	402	428	1429	1571	2397	2770	5479	12196	52046	18536	21822	1318	11260	1581	3588	0
LFQ	79	0	0	0	0	0	3	17	66	32	0	4	18	5	33	23	12	22	30	117	37	191	83	118	192	193	345	846	473	398	1473	1572	2536	2808	6121	11978	54452	19161	20845	1093	9863	1144	2741	0
LFQ	80	0	0	0	0	0	1	7	42	14	0	8	23	4	20	9	10	13	25	127	53	184	58	102	166	194	450	846	391	389	1537	1357	2504	2903	5222	13307	56525	19776	20314	929	8483	897	2058	0
LFQ	81	0	0	0	0	0	1	6	58	20	0	3	9	9	15	14	12	14	24	133	58	175	65	78	140	204	470	768	369	323	1660	1279	2519	2950	4737	14247	58719	20318	19336	763	7246	640	1478	0
LFQ	82	0	0	0	0	0	2	11	132	36	0	7	24	17	33	12	12	14	35	149	68	185	79	75	151	185	454	707	371	333	1619	1273	2487	2916	4641	14844	60055	23125	16547	609	5931	476	1097	0
LFQ	83	0	0	0	0	0	1	4	44	14	0	15	14	16	29	13	13	7	22	121	60	204	84	65	135	183	491	712	350	333	1734	1200	2562	3049	4586	15403	63100	25163	12633	449	4716	333	773	0
LFQ	84	0	0	0	0	0	3	2	46	12	0	6	9	11	16	9	29	11	19	122	58	212	62	53	134	202	457	705	429	299	1781	1189	2516	3197	4889	15539	63797	26971	10925	337	3735	221	509	0
LFQ	85	0	0	0	0	0	3	3	59	8	0	5	16	11	7	7	12	11	35	139	64	250	64	51	133	230	525	771	462	287	1782	1258	2740	3292	5247	16563	66009	25093	9640	261	2879	131	359	0
LFQ	86	0	0	0	0	0	3	4	91	15	0	17	15	16	18	8	15	7	28	137	60	245	46	35	160	258	464	687	400	228	1839	1296	2529	3209	5066	17496	70894	22002	8321	186	2207	73	235	0
LFQ	87	0	0	0	0	0	1	2	40	9	0	6	13	9	12	4	12	9	33	128	76	222	61	31	221	289	513	643	491	299	1727	1534	2506	3218	6169	16096	73486	21261	7083	129	1681	64	134	0
LFQ	88	0	0	0	0	0	3	4	58	4	0	7	16	10	9	9	11	15	26	140	59	191	42	30	177	292	491	556	563	288	1781	1475	2512	3285	5836	16605	76217	20036	5896	100	1249	25	91	0
LFQ	89	0	0	0	0	0	2	1	42	6	0	11	7	10	3	10	15	16	49	111	43	196	46	23	268	292	414	509	665	225	1633	1696	2427	3058	7047	15260	82059	15950	4910	74	854	23	56	0
LFQ	90	0	0	0	0	0	4	2	51	3	0	11	9	13	4	16	18	20	49	113	83	200	35	23	244	234	548	473	572	277	1673	1523	2666	3104	6813	15737	82080	16556	4087	38	607	4	19	0
LFQ	91	0	0	0	0	0	0	4	51	2	0	14	9	12	3	6	18	20	32	97	81	213	23	18	216	200	620	457	602	229	1795	1483	2528	3129	6596	15898	83247	16403	3311	29	451	4	5	0
LFQ	92	0	0	0	0	0	3	0	52	1	0	14	6	9	0	8	13	14	23	113	119	210	19	16	192	230	639	386	578	205	1840	1360	2626	3152	6239	16060	82010	18414	2849	20	294	1	1	0
LFQ	93	0	0	0	0	0	3	4	41	4	0	11	9	7	2	9	26	8	28	91	123	197	23	23	213	220	677	400	530	186	1821	1216	2720	3134	6001	16624	81356	19287	2406	11	184	0	0	0
LFQ	94	0	0	0	0	0	2	3	53	2	0	11	15	9	2	4	22	13	32	131	105	209	11	13	168	271	652	313	531	168	1704	1162	2627	3123	5573	17098	81986	19272	2057	5	110	0	0	0
LFQ	95	0	0	0	0	0	6	3	81	4	0	21	21	2	6	2	26	4	47	135	100	189	11	13	199	249	718	323	552	137	1865	1215	2470	3085	5711	17236	86833	14389	1589	3	57	0	0	0
LFQ	96	0	0	0	0	0	1	0	28	3	0	8	6	2	8	2	29	3	39	130	118	185	18	13	175	255	706	312	514	122	1777	1072	2635	3111	5499	17839	89442	11776	1300	1	24	0	0	0
LFQ	97	0	0	0	0	0	4	0	72	4	0	23	9	2	8	3	26	20	50	115	78	172	10	10	210	269	696	214	701	147	1792	1449	2498	3119	6532	16983	89629	11017	1071	1	10	0	0	0
LFQ	98	0	0	0	0	0	1	1	39	1	0	15	6	2	4	3	27	16	46	111	118	210	3	14	196	312	758	235	713	108	1746	1433	2566	3015	6506	17419	89927	10295	844	0	0	0	0	0
LFQ	99	0	0	0	0	0	0	0	0	0	0	0	0	0	0	1	22	19	50	98	69	166	9	11	272	356	541	156	887	127	1570	1686	2339	3078	8321	14624	89956	11465	715	0	0	0	0	0
LFQ	100	0	0	0	0	0	0	0	0	0	0	0	0	0	0	0	0	0	0	0	0	196	9	22	263	359	626	192	837	224	1520	1691	2515	2942	8169	15435	89334	11130	576	0	0	0	0	0
# GC Content of first fragments. Use `grep ^GCF | cut -f 2-` to extract this part.
GCF	7.29	0
GCF	15.33	1
GCF	16.33	2
GCF	16.83	6
GCF	17.59	7
GCF	18.34	8
GCF	19.10	24
GCF	19.85	25
GCF	20.35	26
GCF	20.85	21
GCF	21.36	20
GCF	22.11	34
GCF	22.86	68
GCF	23.37	70
GCF	23.87	123
GCF	24.37	122
GCF	24.87	149
GCF	25.38	153
GCF	25.88	216
GCF	26.38	217
GCF	26.88	345
GCF	27.39	343
GCF	27.89	581
GCF	28.39	591
GCF	29.15	788
GCF	29.90	972
GCF	30.40	984
GCF	30.90	1236
GCF	31.41	1229
GCF	31.91	1865
GCF	32.41	1878
GCF	32.91	2517
GCF	33.42	2536
GCF	33.92	3039
GCF	34.42	3057
GCF	34.92	4145
GCF	35.43	4150
GCF	35.93	4768
GCF	36.43	4770
GCF	36.93	5504
GCF	37.44	5513
GCF	37.94	6850
GCF	38.44	6898
GCF	38.94	7812
GCF	39.45	7820
GCF	39.95	8200
GCF	40.45	8223
GCF	40.95	8436
GCF	41.46	8443
GCF	41.96	9581
GCF	42.46	9616
GCF	42.96	9698
GCF	43.47	9699
GCF	43.97	8538
GCF	44.47	8533
GCF	44.97	7567
GCF	45.48	7582
GCF	45.98	7853
GCF	46.48	7885
GCF	46.98	7162
GCF	47.49	7177
GCF	47.99	7888
GCF	48.49	7930
GCF	48.99	8110
GCF	49.50	8097
GCF	50.00	4429
GCF	50.50	4378
GCF	51.01	9946
GCF	51.51	9922
GCF	52.01	2388
GCF	52.51	2324
GCF	53.02	1454
GCF	53.52	1382
GCF	54.02	615
GCF	54.52	602
GCF	55.03	311
GCF	55.53	287
GCF	56.03	169
GCF	56.53	158
GCF	57.04	253
GCF	57.54	243
GCF	58.04	136
GCF	58.54	138
GCF	59.05	130
GCF	59.55	128
GCF	60.05	52
GCF	60.55	47
GCF	61.06	17
GCF	61.56	12
GCF	62.06	9
GCF	62.81	5
GCF	63.57	6
GCF	64.82	3
GCF	66.08	4
GCF	66.58	2
GCF	67.34	1
# GC Content of last fragments. Use `grep ^GCL | cut -f 2-` to extract this part.
GCL	5.03	0
GCL	10.80	1
GCL	13.57	0
GCL	16.08	1
GCL	17.09	4
GCL	18.09	10
GCL	19.10	29
GCL	19.85	44
GCL	20.35	45
GCL	20.85	59
GCL	21.36	61
GCL	21.86	93
GCL	22.36	96
GCL	22.86	115
GCL	23.37	117
GCL	23.87	126
GCL	24.37	128
GCL	24.87	211
GCL	25.38	215
GCL	25.88	372
GCL	26.38	376
GCL	26.88	421
GCL	27.39	425
GCL	27.89	635
GCL	28.39	638
GCL	28.89	851
GCL	29.40	859
GCL	29.90	1204
GCL	30.40	1215
GCL	30.90	1610
GCL	31.41	1620
GCL	31.91	2235
GCL	32.41	2260
GCL	32.91	2964
GCL	33.42	2973
GCL	33.92	3720
GCL	34.42	3736
GCL	34.92	4405
GCL	35.43	4417
GCL	35.93	5125
GCL	36.43	5146
GCL	36.93	5864
GCL	37.44	5894
GCL	37.94	6851
GCL	38.44	6860
GCL	38.94	8163
GCL	39.45	8226
GCL	39.95	10428
GCL	40.45	10471
GCL	40.95	12326
GCL	41.46	12285
GCL	41.96	9907
GCL	42.46	9931
GCL	42.96	7834
GCL	43.47	7858
GCL	43.97	6570
GCL	44.47	6536
GCL	44.97	6816
GCL	45.48	6814
GCL	45.98	6155
GCL	46.48	6157
GCL	46.98	8427
GCL	47.49	8476
GCL	47.99	11693
GCL	48.49	11682
GCL	48.99	8977
GCL	49.50	8934
GCL	50.00	4311
GCL	50.50	4297
GCL	51.01	1742
GCL	51.51	1758
GCL	52.01	1332
GCL	52.51	1300
GCL	53.02	933
GCL	53.52	914
GCL	54.02	676
GCL	54.52	633
GCL	55.03	373
GCL	55.53	334
GCL	56.03	209
GCL	56.53	191
GCL	57.04	175
GCL	57.54	172
GCL	58.04	173
GCL	58.54	164
GCL	59.05	131
GCL	59.55	122
GCL	60.05	44
GCL	60.55	41
GCL	61.06	28
GCL	61.56	27
GCL	62.06	5
GCL	62.56	4
GCL	63.32	3
GCL	64.57	2
GCL	65.58	1
GCL	66.08	0
GCL	67.09	2
GCL	68.09	3
GCL	69.10	1
# ACGT content per cycle. Use `grep ^GCC | cut -f 2-` to extract this part. The columns are: cycle; A,C,G,T base counts as a percentage of all A/C/G/T bases [%]; and N and O counts as a percentage of all A/C/G/T bases [%]
GCC	1	25.40	24.64	24.30	25.66	0.00	0.00
GCC	2	22.51	27.75	26.00	23.74	0.00	0.00
GCC	3	22.22	29.22	24.30	24.27	0.00	0.00
GCC	4	21.99	29.39	25.29	23.34	0.00	0.00
GCC	5	20.83	28.22	25.56	25.39	0.00	0.00
GCC	6	22.95	22.77	28.67	25.61	0.00	0.00
GCC	7	26.10	16.48	22.69	34.73	0.00	0.00
GCC	8	29.92	17.10	20.22	32.76	0.00	0.00
GCC	9	27.33	19.69	19.66	33.32	0.00	0.00
GCC	10	27.88	21.33	19.47	31.32	0.00	0.00
GCC	11	27.11	19.58	22.19	31.12	0.00	0.00
GCC	12	27.60	17.32	22.13	32.95	0.00	0.00
GCC	13	26.54	18.59	20.86	34.01	0.00	0.00
GCC	14	24.12	22.70	20.86	32.31	0.00	0.00
GCC	15	28.93	21.32	21.07	28.69	0.00	0.00
GCC	16	27.22	23.19	20.09	29.50	0.00	0.00
GCC	17	26.77	20.08	22.28	30.87	0.00	0.00
GCC	18	28.74	16.06	21.89	33.31	0.00	0.00
GCC	19	31.33	16.71	22.35	29.60	0.00	0.00
GCC	20	33.38	17.19	20.67	28.76	0.00	0.00
GCC	21	35.39	17.81	18.23	28.56	0.00	0.00
GCC	22	27.82	19.95	19.27	32.95	0.00	0.00
GCC	23	29.09	17.22	19.16	34.54	0.00	0.00
GCC	24	28.61	21.43	18.55	31.42	0.00	0.00
GCC	25	27.95	22.70	18.46	30.89	0.00	0.00
GCC	26	28.82	19.70	19.57	31.91	0.00	0.00
GCC	27	34.86	18.69	18.29	28.16	0.00	0.00
GCC	28	29.84	20.87	17.69	31.60	0.00	0.00
GCC	29	26.16	26.49	19.52	27.84	0.00	0.00
GCC	30	26.11	22.83	20.48	30.58	0.00	0.00
GCC	31	25.26	23.03	23.27	28.45	0.00	0.00
GCC	32	28.54	24.19	22.60	24.68	0.00	0.00
GCC	33	30.74	21.60	20.56	27.10	0.00	0.00
GCC	34	31.81	18.92	21.36	27.91	0.00	0.00
GCC	35	29.01	20.79	20.78	29.41	0.00	0.00
GCC	36	32.00	17.30	21.34	29.36	0.00	0.00
GCC	37	27.83	20.06	19.16	32.95	0.00	0.00
GCC	38	26.52	21.15	19.98	32.34	0.00	0.00
GCC	39	30.90	20.85	20.46	27.79	0.00	0.00
GCC	40	31.67	19.24	22.68	26.41	0.00	0.00
GCC	41	32.07	21.06	19.56	27.31	0.00	0.00
GCC	42	31.70	20.50	21.64	26.16	0.00	0.00
GCC	43	28.92	20.54	24.24	26.30	0.00	0.00
GCC	44	29.88	21.04	23.12	25.96	0.00	0.00
GCC	45	27.71	22.69	21.94	27.66	0.00	0.00
GCC	46	26.96	18.45	23.57	31.03	0.00	0.00
GCC	47	27.59	21.25	23.55	27.61	0.00	0.00
GCC	48	29.10	17.10	24.49	29.31	0.00	0.00
GCC	49	26.51	22.54	23.47	27.48	0.00	0.00
GCC	50	27.22	20.26	23.31	29.21	0.00	0.00
GCC	51	27.30	20.54	23.77	28.39	0.00	0.00
GCC	52	25.94	23.31	21.58	29.17	0.00	0.00
GCC	53	25.46	29.19	18.38	26.96	0.00	0.00
GCC	54	26.49	24.20	20.29	29.02	0.00	0.00
GCC	55	26.77	19.46	25.58	28.18	0.00	0.00
GCC	56	26.37	20.60	22.61	30.43	0.00	0.00
GCC	57	29.01	17.56	23.19	30.24	0.00	0.00
GCC	58	30.01	21.04	22.75	26.20	0.00	0.00
GCC	59	24.54	21.02	24.79	29.65	0.00	0.00
GCC	60	28.17	20.42	22.44	28.97	0.00	0.00
GCC	61	29.25	23.52	20.21	27.02	0.00	0.00
GCC	62	29.58	17.54	22.43	30.44	0.00	0.00
GCC	63	29.16	18.24	22.54	30.06	0.00	0.00
GCC	64	30.19	20.06	22.41	27.33	0.00	0.00
GCC	65	25.47	20.76	23.17	30.60	0.00	0.00
GCC	66	26.80	23.86	17.42	31.92	0.00	0.00
GCC	67	25.13	22.03	22.39	30.45	0.00	0.00
GCC	68	28.84	23.20	20.00	27.96	0.00	0.00
GCC	69	30.45	21.40	19.42	28.72	0.00	0.00
GCC	70	31.06	22.04	20.19	26.71	0.00	0.00
GCC	71	30.61	21.83	21.11	26.44	0.00	0.00
GCC	72	28.91	19.34	22.70	29.05	0.00	0.00
GCC	73	29.74	20.89	19.99	29.38	0.00	0.00
GCC	74	29.29	24.43	18.73	27.54	0.00	0.00
GCC	75	29.39	21.44	20.11	29.06	0.00	0.00
GCC	76	31.97	22.16	19.29	26.58	0.00	0.00
GCC	77	33.93	23.05	18.45	24.56	0.00	0.00
GCC	78	33.28	19.24	18.81	28.67	0.00	0.00
GCC	79	32.45	17.06	22.25	28.24	0.00	0.00
GCC	80	31.24	18.02	21.60	29.13	0.00	0.00
GCC	81	31.32	18.11	20.13	30.44	0.00	0.00
GCC	82	30.32	20.24	21.40	28.03	0.00	0.00
GCC	83	32.07	18.68	19.31	29.94	0.00	0.00
GCC	84	33.47	17.94	19.54	29.06	0.00	0.00
GCC	85	35.39	17.68	19.96	26.96	0.00	0.00
GCC	86	30.86	19.70	22.57	26.88	0.00	0.00
GCC	87	29.89	18.43	24.16	27.52	0.00	0.00
GCC	88	27.88	21.42	23.56	27.14	0.00	0.00
GCC	89	26.34	21.89	21.28	30.49	0.00	0.00
GCC	90	26.97	19.12	20.20	33.70	0.00	0.00
GCC	91	26.47	18.91	23.88	30.73	0.00	0.00
GCC	92	27.17	20.59	20.27	31.96	0.00	0.00
GCC	93	29.58	19.32	18.07	33.03	0.00	0.00
GCC	94	28.48	22.25	19.10	30.16	0.00	0.00
GCC	95	27.46	22.38	23.82	26.34	0.00	0.00
GCC	96	26.80	21.83	19.75	31.62	0.00	0.00
GCC	97	27.66	21.78	22.05	28.51	0.00	0.00
GCC	98	28.31	20.90	21.84	28.95	0.00	0.00
GCC	99	26.77	20.46	22.39	30.38	0.00	0.00
GCC	100	27.21	23.15	22.07	27.57	0.00	0.00
# ACGT content per cycle, read oriented. Use `grep ^GCT | cut -f 2-` to extract this part. The columns are: cycle; A,C,G,T base counts as a percentage of all A/C/G/T bases [%]
GCT	1	22.94	22.23	26.71	28.12
GCT	2	19.08	28.94	24.81	27.17
GCT	3	18.23	25.58	27.93	28.25
GCT	4	18.79	27.16	27.52	26.54
GCT	5	20.72	29.58	24.19	25.51
GCT	6	22.08	27.11	24.32	26.48
GCT	7	27.74	17.78	21.40	33.09
GCT	8	22.30	16.07	21.25	40.37
GCT	9	26.39	13.46	25.90	34.25
GCT	10	25.23	14.79	26.01	33.97
GCT	11	24.38	19.86	21.91	33.84
GCT	12	26.31	16.97	22.48	34.24
GCT	13	28.53	17.73	21.72	32.02
GCT	14	26.64	20.75	22.81	29.79
GCT	15	25.35	22.20	20.18	32.26
GCT	16	25.92	20.58	22.70	30.80
GCT	17	24.74	23.09	19.27	32.90
GCT	18	29.99	18.35	19.60	32.06
GCT	19	27.60	17.95	21.12	33.34
GCT	20	26.93	19.34	18.52	35.21
GCT	21	28.93	16.25	19.80	35.02
GCT	22	29.36	17.13	22.10	31.41
GCT	23	29.57	19.73	16.64	34.05
GCT	24	27.49	16.20	23.77	32.54
GCT	25	26.20	17.30	23.85	32.64
GCT	26	29.92	18.57	20.70	30.81
GCT	27	28.51	17.63	19.35	34.51
GCT	28	29.22	20.08	18.48	32.22
GCT	29	26.67	26.26	19.75	27.33
GCT	30	28.95	24.36	18.95	27.74
GCT	31	26.85	26.78	19.52	26.85
GCT	32	23.75	21.94	24.84	29.46
GCT	33	28.83	19.45	22.71	29.01
GCT	34	28.88	18.66	21.62	30.84
GCT	35	31.05	21.75	19.83	27.38
GCT	36	30.67	21.01	17.63	30.69
GCT	37	30.29	19.74	19.48	30.49
GCT	38	29.44	20.59	20.54	29.42
GCT	39	29.09	23.90	17.41	29.59
GCT	40	29.71	21.02	20.90	28.37
GCT	41	32.15	19.79	20.83	27.23
GCT	42	29.55	20.31	21.83	28.31
GCT	43	26.28	22.88	21.90	28.94
GCT	44	27.05	22.68	21.48	28.79
GCT	45	27.30	17.50	27.12	28.07
GCT	46	30.12	16.41	25.60	27.86
GCT	47	25.39	19.78	25.02	29.81
GCT	48	27.65	18.04	23.55	30.76
GCT	49	25.97	18.11	27.91	28.02
GCT	50	27.91	21.33	22.25	28.52
GCT	51	25.58	23.87	20.45	30.10
GCT	52	27.58	24.58	20.31	27.53
GCT	53	26.51	24.35	23.23	25.91
GCT	54	28.55	22.88	21.61	26.96
GCT	55	28.50	24.20	20.85	26.45
GCT	56	28.75	20.00	23.20	28.04
GCT	57	25.37	18.26	22.49	33.88
GCT	58	24.87	20.53	23.25	31.35
GCT	59	26.40	25.74	20.07	27.79
GCT	60	25.84	24.02	18.83	31.30
GCT	61	27.76	18.44	25.29	28.51
GCT	62	29.21	20.18	19.80	30.82
GCT	63	31.95	21.50	19.28	27.27
GCT	64	28.18	19.39	23.08	29.34
GCT	65	27.70	24.66	19.27	28.37
GCT	66	28.09	20.31	20.97	30.63
GCT	67	27.08	20.64	23.78	28.49
GCT	68	26.91	21.53	21.67	29.89
GCT	69	33.53	17.32	23.51	25.64
GCT	70	31.58	17.69	24.53	26.19
GCT	71	29.70	24.77	18.18	27.36
GCT	72	30.80	24.82	17.22	27.16
GCT	73	28.28	22.33	18.55	30.84
GCT	74	28.38	22.45	20.72	28.45
GCT	75	32.15	22.12	19.43	26.30
GCT	76	31.13	22.37	19.08	27.43
GCT	77	31.10	20.45	21.05	27.40
GCT	78	33.02	18.76	19.30	28.92
GCT	79	30.08	20.34	18.97	30.61
GCT	80	29.87	21.51	18.11	30.50
GCT	81	29.62	18.18	20.07	32.13
GCT	82	30.50	20.57	21.08	27.85
GCT	83	32.53	20.44	17.54	29.49
GCT	84	32.76	17.95	19.52	29.77
GCT	85	32.09	16.93	20.72	30.26
GCT	86	27.61	20.84	21.42	30.12
GCT	87	28.49	21.30	21.30	28.92
GCT	88	28.02	23.57	21.41	27.01
GCT	89	30.31	22.48	20.69	26.52
GCT	90	32.51	17.88	21.44	28.17
GCT	91	28.06	21.47	21.33	29.14
GCT	92	29.28	18.65	22.22	29.86
GCT	93	31.17	18.33	19.06	31.44
GCT	94	31.49	21.69	19.66	27.15
GCT	95	31.27	28.56	17.63	22.54
GCT	96	34.58	21.64	19.95	23.83
GCT	97	32.37	21.20	22.63	23.80
GCT	98	32.06	20.84	21.90	25.20
GCT	99	32.06	20.81	22.04	25.09
GCT	100	30.36	21.03	24.19	24.42
# ACGT content per cycle for first fragments. Use `grep ^FBC | cut -f 2-` to extract this part. The columns are: cycle; A,C,G,T base counts as a percentage of all A/C/G/T bases [%]; and N and O counts as a percentage of all A/C/G/T bases [%]
FBC	1	29.04	23.39	21.97	25.60	0.00	0.00
FBC	2	24.38	27.86	22.87	24.89	0.00	0.00
FBC	3	25.64	27.44	23.20	23.72	0.00	0.00
FBC	4	23.62	27.43	23.82	25.13	0.00	0.00
FBC	5	22.53	25.64	24.05	27.77	0.00	0.00
FBC	6	24.76	23.39	28.46	23.39	0.00	0.00
FBC	7	24.14	22.45	26.42	27.00	0.00	0.00
FBC	8	28.14	21.84	24.99	25.03	0.00	0.00
FBC	9	26.62	27.88	19.91	25.58	0.00	0.00
FBC	10	28.40	23.94	22.83	24.82	0.00	0.00
FBC	11	26.16	23.11	25.36	25.37	0.00	0.00
FBC	12	30.94	21.89	21.04	26.13	0.00	0.00
FBC	13	29.56	21.43	22.76	26.25	0.00	0.00
FBC	14	26.17	22.44	22.98	28.42	0.00	0.00
FBC	15	33.34	19.21	21.53	25.92	0.00	0.00
FBC	16	27.00	23.49	22.95	26.55	0.00	0.00
FBC	17	30.17	20.26	21.42	28.14	0.00	0.00
FBC	18	30.91	17.89	24.65	26.55	0.00	0.00
FBC	19	31.80	18.71	19.92	29.56	0.00	0.00
FBC	20	33.21	18.18	21.56	27.05	0.00	0.00
FBC	21	33.85	20.04	17.54	28.58	0.00	0.00
FBC	22	29.41	23.22	20.18	27.19	0.00	0.00
FBC	23	31.78	18.01	22.55	27.66	0.00	0.00
FBC	24	30.24	22.39	18.81	28.57	0.00	0.00
FBC	25	30.20	25.45	17.92	26.43	0.00	0.00
FBC	26	31.76	21.87	18.52	27.84	0.00	0.00
FBC	27	34.54	19.89	16.87	28.70	0.00	0.00
FBC	28	28.14	21.25	20.60	30.01	0.00	0.00
FBC	29	28.62	23.43	18.11	29.83	0.00	0.00
FBC	30	28.58	19.82	21.11	30.50	0.00	0.00
FBC	31	27.05	19.76	21.01	32.19	0.00	0.00
FBC	32	30.72	23.13	18.51	27.63	0.00	0.00
FBC	33	28.17	23.44	19.73	28.67	0.00	0.00
FBC	34	29.84	20.09	21.85	28.22	0.00	0.00
FBC	35	28.26	20.81	21.66	29.28	0.00	0.00
FBC	36	31.16	18.25	21.70	28.89	0.00	0.00
FBC	37	29.03	20.60	20.38	29.98	0.00	0.00
FBC	38	26.94	18.07	20.73	34.26	0.00	0.00
FBC	39	31.09	19.59	21.27	28.04	0.00	0.00
FBC	40	28.12	18.90	25.54	27.44	0.00	0.00
FBC	41	28.37	19.40	19.58	32.65	0.00	0.00
FBC	42	31.74	18.17	21.59	28.50	0.00	0.00
FBC	43	29.47	20.71	22.57	27.25	0.00	0.00
FBC	44	30.83	21.70	19.89	27.58	0.00	0.00
FBC	45	28.46	22.67	20.31	28.56	0.00	0.00
FBC	46	27.59	21.50	19.86	31.05	0.00	0.00
FBC	47	29.84	20.97	21.44	27.75	0.00	0.00
FBC	48	27.74	19.75	21.46	31.06	0.00	0.00
FBC	49	27.87	23.16	20.01	28.96	0.00	0.00
FBC	50	31.29	20.67	19.77	28.27	0.00	0.00
FBC	51	30.61	21.03	20.81	27.55	0.00	0.00
FBC	52	27.24	20.71	24.51	27.54	0.00	0.00
FBC	53	27.33	23.23	19.63	29.81	0.00	0.00
FBC	54	26.81	21.08	21.19	30.92	0.00	0.00
FBC	55	25.83	20.25	24.03	29.89	0.00	0.00
FBC	56	27.70	22.28	20.37	29.65	0.00	0.00
FBC	57	27.97	20.61	22.68	28.74	0.00	0.00
FBC	58	29.92	22.08	21.23	26.77	0.00	0.00
FBC	59	27.31	19.81	21.87	31.01	0.00	0.00
FBC	60	27.65	19.08	24.99	28.29	0.00	0.00
FBC	61	28.21	24.16	19.61	28.01	0.00	0.00
FBC	62	29.57	18.15	20.79	31.49	0.00	0.00
FBC	63	28.81	19.28	23.04	28.87	0.00	0.00
FBC	64	29.27	22.24	21.88	26.61	0.00	0.00
FBC	65	29.42	19.47	22.26	28.85	0.00	0.00
FBC	66	29.85	20.99	19.73	29.43	0.00	0.00
FBC	67	26.73	24.13	19.93	29.21	0.00	0.00
FBC	68	29.02	23.86	20.46	26.66	0.00	0.00
FBC	69	29.37	22.98	18.31	29.34	0.00	0.00
FBC	70	28.96	20.78	20.23	30.03	0.00	0.00
FBC	71	26.95	21.56	25.58	25.91	0.00	0.00
FBC	72	27.14	19.44	23.97	29.45	0.00	0.00
FBC	73	27.49	20.56	22.76	29.18	0.00	0.00
FBC	74	29.83	20.27	20.15	29.76	0.00	0.00
FBC	75	27.38	20.97	22.81	28.84	0.00	0.00
FBC	76	27.80	20.67	23.53	28.00	0.00	0.00
FBC	77	33.73	19.07	20.51	26.69	0.00	0.00
FBC	78	27.18	21.60	20.82	30.41	0.00	0.00
FBC	79	27.10	19.14	25.64	28.12	0.00	0.00
FBC	80	30.47	19.06	19.53	30.95	0.00	0.00
FBC	81	30.85	19.98	20.27	28.89	0.00	0.00
FBC	82	27.59	22.76	19.81	29.84	0.00	0.00
FBC	83	27.10	17.99	21.62	33.30	0.00	0.00
FBC	84	28.26	18.75	21.75	31.24	0.00	0.00
FBC	85	30.59	19.44	19.60	30.37	0.00	0.00
FBC	86	29.43	19.47	20.24	30.85	0.00	0.00
FBC	87	26.37	19.56	22.93	31.14	0.00	0.00
FBC	88	27.03	22.60	22.18	28.19	0.00	0.00
FBC	89	26.55	21.10	22.68	29.68	0.00	0.00
FBC	90	25.70	22.79	19.87	31.64	0.00	0.00
FBC	91	25.92	21.94	22.22	29.93	0.00	0.00
FBC	92	25.08	23.64	18.95	32.33	0.00	0.00
FBC	93	28.12	20.50	19.02	32.36	0.00	0.00
FBC	94	28.65	19.74	22.83	28.78	0.00	0.00
FBC	95	26.02	19.17	24.04	30.77	0.00	0.00
FBC	96	26.71	20.50	21.21	31.58	0.00	0.00
FBC	97	26.88	18.31	21.64	33.16	0.00	0.00
FBC	98	29.53	20.19	21.04	29.24	0.00	0.00
FBC	99	26.51	21.13	19.62	32.74	0.00	0.00
FBC	100	26.06	22.69	24.24	27.01	0.00	0.00
# ACGT raw counters for first fragments. Use `grep ^FTC | cut -f 2-` to extract this part. The columns are: A,C,G,T,N base counters
FTC	4019633	2998914	3036302	4052013	0
# ACGT content per cycle for last fragments. Use `grep ^LBC | cut -f 2-` to extract this part. The columns are: cycle; A,C,G,T base counts as a percentage of all A/C/G/T bases [%]; and N and O counts as a percentage of all A/C/G/T bases [%]
LBC	1	21.76	25.89	26.63	25.72	0.00	0.00
LBC	2	20.65	27.64	29.13	22.58	0.00	0.00
LBC	3	18.79	31.00	25.39	24.82	0.00	0.00
LBC	4	20.36	31.34	26.75	21.56	0.00	0.00
LBC	5	19.14	30.80	27.06	23.01	0.00	0.00
LBC	6	21.14	22.15	28.88	27.83	0.00	0.00
LBC	7	28.06	10.52	18.97	42.46	0.00	0.00
LBC	8	31.70	12.36	15.46	40.48	0.00	0.00
LBC	9	28.04	11.51	19.41	41.05	0.00	0.00
LBC	10	27.35	18.71	16.11	37.82	0.00	0.00
LBC	11	28.06	16.05	19.03	36.86	0.00	0.00
LBC	12	24.27	12.74	23.22	39.77	0.00	0.00
LBC	13	23.52	15.75	18.96	41.77	0.00	0.00
LBC	14	22.08	22.97	18.75	36.21	0.00	0.00
LBC	15	24.51	23.43	20.60	31.46	0.00	0.00
LBC	16	27.44	22.88	17.24	32.44	0.00	0.00
LBC	17	23.37	19.89	23.13	33.60	0.00	0.00
LBC	18	26.57	14.22	19.13	40.07	0.00	0.00
LBC	19	30.87	14.71	24.77	29.65	0.00	0.00
LBC	20	33.55	16.20	19.78	30.47	0.00	0.00
LBC	21	36.93	15.59	18.93	28.55	0.00	0.00
LBC	22	26.24	16.69	18.36	38.71	0.00	0.00
LBC	23	26.40	16.43	15.76	41.41	0.00	0.00
LBC	24	26.98	20.46	18.29	34.27	0.00	0.00
LBC	25	25.70	19.94	19.00	35.36	0.00	0.00
LBC	26	25.87	17.53	20.61	35.99	0.00	0.00
LBC	27	35.18	17.49	19.70	27.63	0.00	0.00
LBC	28	31.55	20.49	14.78	33.18	0.00	0.00
LBC	29	23.69	29.54	20.92	25.85	0.00	0.00
LBC	30	23.64	25.83	19.86	30.67	0.00	0.00
LBC	31	23.46	26.30	25.53	24.71	0.00	0.00
LBC	32	26.35	25.25	26.68	21.73	0.00	0.00
LBC	33	33.31	19.76	21.40	25.53	0.00	0.00
LBC	34	33.77	17.74	20.88	27.61	0.00	0.00
LBC	35	29.77	20.78	19.91	29.54	0.00	0.00
LBC	36	32.85	16.36	20.97	29.82	0.00	0.00
LBC	37	26.63	19.52	17.93	35.92	0.00	0.00
LBC	38	26.11	24.24	19.23	30.42	0.00	0.00
LBC	39	30.70	22.12	19.65	27.53	0.00	0.00
LBC	40	35.22	19.59	19.82	25.38	0.00	0.00
LBC	41	35.77	22.71	19.54	21.98	0.00	0.00
LBC	42	31.67	22.84	21.68	23.81	0.00	0.00
LBC	43	28.37	20.37	25.90	25.36	0.00	0.00
LBC	44	28.92	20.38	26.35	24.35	0.00	0.00
LBC	45	26.95	22.70	23.57	26.77	0.00	0.00
LBC	46	26.33	15.39	27.27	31.01	0.00	0.00
LBC	47	25.34	21.54	25.67	27.46	0.00	0.00
LBC	48	30.47	14.44	27.53	27.56	0.00	0.00
LBC	49	25.16	21.92	26.93	25.99	0.00	0.00
LBC	50	23.15	19.84	26.86	30.15	0.00	0.00
LBC	51	23.98	20.06	26.74	29.22	0.00	0.00
LBC	52	24.63	25.91	18.65	30.81	0.00	0.00
LBC	53	23.59	35.16	17.14	24.11	0.00	0.00
LBC	54	26.16	27.33	19.38	27.13	0.00	0.00
LBC	55	27.72	18.68	27.14	26.47	0.00	0.00
LBC	56	25.03	18.92	24.85	31.20	0.00	0.00
LBC	57	30.06	14.50	23.70	31.74	0.00	0.00
LBC	58	30.10	20.00	24.27	25.63	0.00	0.00
LBC	59	21.77	22.24	27.71	28.29	0.00	0.00
LBC	60	28.70	21.76	19.89	29.65	0.00	0.00
LBC	61	30.29	22.87	20.81	26.03	0.00	0.00
LBC	62	29.60	16.93	24.08	29.39	0.00	0.00
LBC	63	29.50	17.20	22.04	31.26	0.00	0.00
LBC	64	31.12	17.88	22.94	28.06	0.00	0.00
LBC	65	21.51	22.04	24.09	32.35	0.00	0.00
LBC	66	23.74	26.74	15.10	34.42	0.00	0.00
LBC	67	23.52	19.94	24.86	31.68	0.00	0.00
LBC	68	28.66	22.54	19.55	29.25	0.00	0.00
LBC	69	31.54	19.82	20.54	28.10	0.00	0.00
LBC	70	33.17	23.30	20.15	23.39	0.00	0.00
LBC	71	34.28	22.11	16.63	26.98	0.00	0.00
LBC	72	30.68	19.24	21.42	28.66	0.00	0.00
LBC	73	31.99	21.23	17.21	29.57	0.00	0.00
LBC	74	28.76	28.62	17.31	25.32	0.00	0.00
LBC	75	31.40	21.91	17.41	29.28	0.00	0.00
LBC	76	36.16	23.66	15.03	25.15	0.00	0.00
LBC	77	34.14	27.05	16.38	22.42	0.00	0.00
LBC	78	39.40	16.88	16.80	26.92	0.00	0.00
LBC	79	37.81	14.98	18.84	28.36	0.00	0.00
LBC	80	32.02	16.99	23.69	27.30	0.00	0.00
LBC	81	31.79	16.24	19.99	31.99	0.00	0.00
LBC	82	33.07	17.72	23.01	26.20	0.00	0.00
LBC	83	37.07	19.37	16.98	26.57	0.00	0.00
LBC	84	38.71	17.11	17.31	26.87	0.00	0.00
LBC	85	40.20	15.92	20.33	23.54	0.00	0.00
LBC	86	32.29	19.92	24.91	22.88	0.00	0.00
LBC	87	33.43	17.30	25.40	23.88	0.00	0.00
LBC	88	28.74	20.22	24.95	26.09	0.00	0.00
LBC	89	26.12	22.69	19.87	31.32	0.00	0.00
LBC	90	28.25	15.43	20.54	35.77	0.00	0.00
LBC	91	27.03	15.88	25.55	31.54	0.00	0.00
LBC	92	29.27	17.53	21.60	31.59	0.00	0.00
LBC	93	31.04	18.12	17.13	33.71	0.00	0.00
LBC	94	28.30	24.78	15.36	31.55	0.00	0.00
LBC	95	28.92	25.60	23.59	21.89	0.00	0.00
LBC	96	26.88	23.17	18.29	31.66	0.00	0.00
LBC	97	28.45	25.26	22.46	23.83	0.00	0.00
LBC	98	27.09	21.62	22.64	28.66	0.00	0.00
LBC	99	27.03	19.79	25.17	28.01	0.00	0.00
LBC	100	28.36	23.62	19.88	28.13	0.00	0.00
# ACGT raw counters for last fragments. Use `grep ^LTC | cut -f 2-` to extract this part. The columns are: A,C,G,T,N base counters
LTC	4021117	2899379	3011277	4153851	0
# Insert sizes. Use `grep ^IS | cut -f 2-` to extract this part. The columns are: insert size, pairs total, inward oriented pairs, outward oriented pairs, other pairs
IS	0	0	0	0	0
IS	1	0	0	0	0
IS	2	1	0	1	0
IS	3	0	0	0	0
IS	4	0	0	0	0
IS	5	1	0	1	0
IS	6	2	0	2	0
IS	7	0	0	0	0
IS	8	0	0	0	0
IS	9	1	0	1	0
IS	10	0	0	0	0
IS	11	1	0	1	0
IS	12	0	0	0	0
IS	13	0	0	0	0
IS	14	1	0	1	0
IS	15	0	0	0	0
IS	16	0	0	0	0
IS	17	0	0	0	0
IS	18	0	0	0	0
IS	19	4	2	2	0
IS	20	18	6	12	0
IS	21	7	0	7	0
IS	22	12	4	8	0
IS	23	17	2	15	0
IS	24	35	7	28	0
IS	25	35	10	25	0
IS	26	38	6	32	0
IS	27	27	8	19	0
IS	28	28	3	25	0
IS	29	53	23	30	0
IS	30	40	13	27	0
IS	31	47	9	38	0
IS	32	62	19	43	0
IS	33	52	17	35	0
IS	34	44	10	34	0
IS	35	56	15	41	0
IS	36	75	16	59	0
IS	37	47	25	22	0
IS	38	63	20	43	0
IS	39	53	17	36	0
IS	40	70	21	49	0
IS	41	59	26	33	0
IS	42	54	19	35	0
IS	43	116	29	87	0
IS	44	109	32	77	0
IS	45	104	30	74	0
IS	46	64	14	49	1
IS	47	83	30	53	0
IS	48	84	29	55	0
IS	49	72	18	54	0
IS	50	107	21	86	0
IS	51	64	11	53	0
IS	52	76	22	54	0
IS	53	94	37	57	0
IS	54	96	31	65	0
IS	55	97	27	70	0
IS	56	80	30	50	0
IS	57	92	34	58	0
IS	58	111	31	80	0
IS	59	127	39	88	0
IS	60	261	64	197	0
IS	61	255	77	178	0
IS	62	251	143	108	0
IS	63	217	73	144	0
IS	64	94	35	59	0
IS	65	88	26	62	0
IS	66	91	28	63	0
IS	67	91	37	54	0
IS	68	124	36	88	0
IS	69	84	28	56	0
IS	70	62	24	38	0
IS	71	54	18	36	0
IS	72	48	23	25	0
IS	73	49	14	35	0
IS	74	55	17	38	0
IS	75	50	23	27	0
IS	76	50	24	26	0
IS	77	38	19	19	0
IS	78	33	14	19	0
IS	79	43	22	21	0
IS	80	35	20	15	0
IS	81	24	15	9	0
IS	82	17	12	5	0
IS	83	21	16	5	0
IS	84	21	18	3	0
IS	85	24	18	6	0
IS	86	33	21	12	0
IS	87	36	17	19	0
IS	88	87	37	50	0
IS	89	135	46	89	0
IS	90	206	53	153	0
IS	91	303	73	229	1
IS	92	299	78	221	0
IS	93	1601	507	1094	0
IS	94	1906	556	1350	0
IS	95	2538	624	1914	0
IS	96	2294	900	1394	0
IS	97	2077	685	1392	0
IS	98	1837	554	1283	0
IS	99	1961	489	1472	0
IS	100	1870	665	1205	0
IS	101	2024	2011	13	0
IS	102	2327	2326	1	0
IS	103	2141	2141	0	0
IS	104	1990	1989	1	0
IS	105	1618	1618	0	0
IS	106	1580	1580	0	0
IS	107	1424	1424	0	0
IS	108	1705	1705	0	0
IS	109	1411	1411	0	0
IS	110	1409	1409	0	0
IS	111	1296	1296	0	0
IS	112	1227	1227	0	0
IS	113	1222	1222	0	0
IS	114	1327	1327	0	0
IS	115	1365	1365	0	0
IS	116	1467	1467	0	0
IS	117	1598	1598	0	0
IS	118	2242	2242	0	0
IS	119	1998	1998	0	0
IS	120	2523	2523	0	0
IS	121	1975	1974	0	1
IS	122	1491	1491	0	0
IS	123	1454	1454	0	0
IS	124	1387	1387	0	0
IS	125	1448	1448	0	0
IS	126	1992	1992	0	0
IS	127	1487	1487	0	0
IS	128	2007	2007	0	0
IS	129	1378	1378	0	0
IS	130	1226	1226	0	0
IS	131	1541	1541	0	0
IS	132	1192	1192	0	0
IS	133	1111	1111	0	0
IS	134	1185	1185	0	0
IS	135	945	945	0	0
IS	136	901	901	0	0
IS	137	928	928	0	0
IS	138	909	908	1	0
IS	139	907	907	0	0
IS	140	975	975	0	0
IS	141	977	977	0	0
IS	142	1201	1201	0	0
IS	143	1038	1038	0	0
IS	144	1074	1074	0	0
IS	145	1089	1089	0	0
IS	146	1201	1201	0	0
IS	147	1205	1205	0	0
IS	148	999	999	0	0
IS	149	999	999	0	0
IS	150	872	872	0	0
IS	151	1089	1089	0	0
IS	152	934	934	0	0
IS	153	989	989	0	0
IS	154	1313	1313	0	0
IS	155	1303	1303	0	0
IS	156	1159	1159	0	0
IS	157	818	818	0	0
IS	158	820	820	0	0
IS	159	783	783	0	0
IS	160	931	931	0	0
IS	161	688	688	0	0
IS	162	671	671	0	0
IS	163	622	622	0	0
IS	164	603	603	0	0
IS	165	635	635	0	0
IS	166	594	594	0	0
IS	167	533	533	0	0
IS	168	512	512	0	0
IS	169	526	526	0	0
IS	170	547	547	0	0
IS	171	605	605	0	0
IS	172	574	574	0	0
IS	173	500	500	0	0
IS	174	495	495	0	0
IS	175	512	512	0	0
IS	176	481	481	0	0
IS	177	451	451	0	0
IS	178	491	491	0	0
IS	179	521	521	0	0
IS	180	474	474	0	0
IS	181	505	505	0	0
IS	182	491	491	0	0
IS	183	556	556	0	0
IS	184	546	546	0	0
IS	185	381	381	0	0
IS	186	361	361	0	0
IS	187	355	355	0	0
IS	188	705	705	0	0
IS	189	371	371	0	0
IS	190	398	398	0	0
IS	191	373	373	0	0
IS	192	377	377	0	0
IS	193	449	449	0	0
IS	194	369	369	0	0
IS	195	307	307	0	0
IS	196	291	291	0	0
IS	197	307	307	0	0
IS	198	273	273	0	0
IS	199	293	293	0	0
IS	200	331	331	0	0
IS	201	291	291	0	0
IS	202	309	309	0	0
IS	203	292	292	0	0
IS	204	259	259	0	0
IS	205	275	275	0	0
IS	206	261	261	0	0
IS	207	269	269	0	0
IS	208	253	253	0	0
IS	209	251	251	0	0
IS	210	268	268	0	0
IS	211	220	220	0	0
IS	212	251	251	0	0
IS	213	210	210	0	0
IS	214	233	233	0	0
IS	215	258	258	0	0
IS	216	233	233	0	0
IS	217	237	237	0	0
IS	218	220	220	0	0
IS	219	199	199	0	0
IS	220	212	212	0	0
IS	221	233	233	0	0
IS	222	187	187	0	0
IS	223	195	195	0	0
IS	224	175	175	0	0
IS	225	214	214	0	0
IS	226	197	197	0	0
IS	227	208	208	0	0
IS	228	176	176	0	0
IS	229	168	168	0	0
IS	230	202	202	0	0
IS	231	146	146	0	0
IS	232	175	175	0	0
IS	233	178	178	0	0
IS	234	162	162	0	0
IS	235	154	154	0	0
IS	236	165	165	0	0
IS	237	160	160	0	0
IS	238	146	146	0	0
IS	239	150	150	0	0
IS	240	140	140	0	0
IS	241	153	153	0	0
IS	242	153	153	0	0
IS	243	153	153	0	0
IS	244	137	137	0	0
IS	245	144	144	0	0
IS	246	103	103	0	0
IS	247	113	113	0	0
IS	248	130	130	0	0
IS	249	141	141	0	0
IS	250	122	122	0	0
IS	251	119	119	0	0
IS	252	109	109	0	0
IS	253	116	116	0	0
IS	254	108	108	0	0
IS	255	112	112	0	0
IS	256	107	107	0	0
IS	257	102	102	0	0
IS	258	119	119	0	0
IS	259	83	83	0	0
IS	260	109	109	0	0
IS	261	121	121	0	0
IS	262	110	110	0	0
IS	263	103	103	0	0
IS	264	108	108	0	0
IS	265	87	87	0	0
IS	266	104	104	0	0
IS	267	98	98	0	0
IS	268	104	104	0	0
IS	269	117	117	0	0
IS	270	94	94	0	0
IS	271	84	84	0	0
IS	272	76	76	0	0
IS	273	78	78	0	0
IS	274	103	103	0	0
IS	275	93	93	0	0
IS	276	85	85	0	0
IS	277	88	88	0	0
IS	278	72	72	0	0
IS	279	74	74	0	0
IS	280	92	92	0	0
IS	281	92	92	0	0
IS	282	73	73	0	0
IS	283	65	65	0	0
IS	284	77	77	0	0
IS	285	73	73	0	0
IS	286	66	66	0	0
IS	287	71	71	0	0
IS	288	74	74	0	0
IS	289	72	72	0	0
IS	290	86	86	0	0
IS	291	74	74	0	0
IS	292	81	81	0	0
IS	293	70	70	0	0
IS	294	70	70	0	0
IS	295	55	55	0	0
IS	296	66	66	0	0
IS	297	66	66	0	0
IS	298	74	74	0	0
IS	299	56	56	0	0
IS	300	57	57	0	0
IS	301	70	70	0	0
IS	302	53	53	0	0
IS	303	61	61	0	0
IS	304	63	63	0	0
IS	305	60	60	0	0
IS	306	51	51	0	0
IS	307	56	56	0	0
IS	308	52	52	0	0
IS	309	58	58	0	0
IS	310	50	50	0	0
IS	311	82	82	0	0
IS	312	68	68	0	0
IS	313	58	58	0	0
IS	314	41	41	0	0
IS	315	45	45	0	0
IS	316	46	46	0	0
IS	317	45	45	0	0
IS	318	55	55	0	0
IS	319	49	49	0	0
IS	320	51	51	0	0
IS	321	54	54	0	0
IS	322	46	46	0	0
IS	323	47	47	0	0
IS	324	32	32	0	0
IS	325	41	41	0	0
IS	326	43	43	0	0
IS	327	41	41	0	0
IS	328	43	43	0	0
IS	329	49	49	0	0
IS	330	51	51	0	0
IS	331	41	41	0	0
IS	332	34	34	0	0
IS	333	38	38	0	0
IS	334	42	42	0	0
IS	335	41	41	0	0
IS	336	24	24	0	0
IS	337	34	34	0	0
IS	338	36	36	0	0
IS	339	23	23	0	0
IS	340	32	32	0	0
IS	341	28	28	0	0
IS	342	31	31	0	0
IS	343	47	47	0	0
IS	344	41	41	0	0
IS	345	25	25	0	0
IS	346	27	27	0	0
IS	347	31	31	0	0
IS	348	35	35	0	0
IS	349	39	39	0	0
IS	350	40	40	0	0
IS	351	31	31	0	0
IS	352	32	32	0	0
IS	353	26	26	0	0
IS	354	27	27	0	0
IS	355	37	37	0	0
IS	356	31	31	0	0
IS	357	22	22	0	0
IS	358	32	32	0	0
IS	359	23	23	0	0
IS	360	18	18	0	0
IS	361	24	24	0	0
IS	362	28	28	0	0
IS	363	26	26	0	0
IS	364	25	25	0	0
IS	365	28	28	0	0
IS	366	23	23	0	0
IS	367	31	31	0	0
IS	368	18	18	0	0
IS	369	23	23	0	0
IS	370	23	23	0	0
IS	371	24	24	0	0
IS	372	21	21	0	0
IS	373	23	23	0	0
IS	374	24	24	0	0
IS	375	16	16	0	0
IS	376	20	20	0	0
IS	377	15	15	0	0
IS	378	12	12	0	0
IS	379	10	10	0	0
IS	380	17	17	0	0
IS	381	17	17	0	0
IS	382	14	14	0	0
IS	383	16	16	0	0
IS	384	24	24	0	0
IS	385	17	17	0	0
IS	386	14	14	0	0
IS	387	19	19	0	0
# Read lengths. Use `grep ^RL | cut -f 2-` to extract this part. The columns are: read length, count
RL	50	193
RL	51	179
RL	52	181
RL	53	165
RL	54	186
RL	55	184
RL	56	201
RL	57	169
RL	58	184
RL	59	218
RL	60	263
RL	61	212
RL	62	214
RL	63	216
RL	64	205
RL	65	216
RL	66	194
RL	67	246
RL	68	192
RL	69	185
RL	70	200
RL	71	211
RL	72	182
RL	73	194
RL	74	191
RL	75	238
RL	76	225
RL	77	189
RL	78	222
RL	79	200
RL	80	200
RL	81	236
RL	82	194
RL	83	216
RL	84	226
RL	85	196
RL	86	215
RL	87	233
RL	88	207
RL	89	193
RL	90	224
RL	91	217
RL	92	242
RL	93	273
RL	94	317
RL	95	280
RL	96	362
RL	97	436
RL	98	383
RL	99	1078
RL	100	272561
# Read lengths - first fragments. Use `grep ^FRL | cut -f 2-` to extract this part. The columns are: read length, count
FRL	50	76
FRL	51	75
FRL	52	78
FRL	53	73
FRL	54	79
FRL	55	85
FRL	56	77
FRL	57	85
FRL	58	73
FRL	59	71
FRL	60	154
FRL	61	110
FRL	62	82
FRL	63	103
FRL	64	89
FRL	65	99
FRL	66	88
FRL	67	140
FRL	68	87
FRL	69	96
FRL	70	86
FRL	71	75
FRL	72	74
FRL	73	92
FRL	74	88
FRL	75	126
FRL	76	89
FRL	77	81
FRL	78	97
FRL	79	103
FRL	80	112
FRL	81	88
FRL	82	113
FRL	83	97
FRL	84	121
FRL	85	99
FRL	86	117
FRL	87	130
FRL	88	109
FRL	89	91
FRL	90	121
FRL	91	127
FRL	92	121
FRL	93	135
FRL	94	162
FRL	95	131
FRL	96	153
FRL	97	182
FRL	98	231
FRL	99	580
FRL	100	136521
# Read lengths - last fragments. Use `grep ^LRL | cut -f 2-` to extract this part. The columns are: read length, count
LRL	50	117
LRL	51	104
LRL	52	103
LRL	53	92
LRL	54	107
LRL	55	99
LRL	56	124
LRL	57	84
LRL	58	111
LRL	59	147
LRL	60	109
LRL	61	102
LRL	62	132
LRL	63	113
LRL	64	116
LRL	65	117
LRL	66	106
LRL	67	106
LRL	68	105
LRL	69	89
LRL	70	114
LRL	71	136
LRL	72	108
LRL	73	102
LRL	74	103
LRL	75	112
LRL	76	136
LRL	77	108
LRL	78	125
LRL	79	97
LRL	80	88
LRL	81	148
LRL	82	81
LRL	83	119
LRL	84	105
LRL	85	97
LRL	86	98
LRL	87	103
LRL	88	98
LRL	89	102
LRL	90	103
LRL	91	90
LRL	92	121
LRL	93	138
LRL	94	155
LRL	95	149
LRL	96	209
LRL	97	254
LRL	98	152
LRL	99	498
LRL	100	136040
# Mapping qualities for reads !(UNMAP|SECOND|SUPPL|QCFAIL|DUP). Use `grep ^MAPQ | cut -f 2-` to extract this part. The columns are: mapq, count
MAPQ	0	4783
MAPQ	1	14
MAPQ	2	1
MAPQ	3	8
MAPQ	5	1
MAPQ	6	1
MAPQ	7	8
MAPQ	8	2
MAPQ	9	3
MAPQ	10	4
MAPQ	12	1
MAPQ	13	1
MAPQ	14	1
MAPQ	15	17
MAPQ	18	4
MAPQ	19	5
MAPQ	20	4
MAPQ	21	9
MAPQ	22	8
MAPQ	23	3
MAPQ	24	12
MAPQ	25	19
MAPQ	26	4
MAPQ	27	103
MAPQ	28	1
MAPQ	29	3
MAPQ	30	2
MAPQ	31	4
MAPQ	33	18
MAPQ	36	2
MAPQ	37	1
MAPQ	38	4
MAPQ	39	3
MAPQ	40	157
MAPQ	41	4
MAPQ	42	11
MAPQ	43	4
MAPQ	44	6
MAPQ	45	29
MAPQ	46	19
MAPQ	47	35
MAPQ	48	29
MAPQ	49	48
MAPQ	50	102
MAPQ	51	20
MAPQ	52	44
MAPQ	53	6
MAPQ	54	20
MAPQ	55	25
MAPQ	56	17
MAPQ	57	21
MAPQ	58	14
MAPQ	59	4
MAPQ	60	276569
# Indel distribution. Use `grep ^ID | cut -f 2-` to extract this part. The columns are: length, number of insertions, number of deletions
ID	1	1303	2361
ID	2	45	57
ID	3	12	8
ID	4	5	3
ID	31	0	1
# Indels per cycle. Use `grep ^IC | cut -f 2-` to extract this part. The columns are: cycle, number of insertions (fwd), .. (rev) , number of deletions (fwd), .. (rev)
IC	3	0	0	30	544
IC	4	10	260	9	544
IC	5	4	146	4	142
IC	6	4	121	4	9
IC	7	3	2	2	3
IC	8	1	1	0	3
IC	9	4	5	6	4
IC	10	1	3	2	4
IC	11	3	1	3	9
IC	12	4	2	6	1
IC	13	2	2	10	8
IC	14	4	2	28	8
IC	15	4	4	13	4
IC	16	3	3	8	7
IC	17	3	6	9	4
IC	18	2	3	6	5
IC	19	3	2	5	9
IC	20	2	2	4	6
IC	21	3	2	5	5
IC	22	4	4	8	8
IC	23	2	1	5	8
IC	24	1	1	1	2
IC	25	3	4	6	4
IC	26	6	6	9	8
IC	27	2	7	3	6
IC	28	5	9	5	4
IC	29	1	3	4	7
IC	30	2	1	4	6
IC	31	1	5	8	10
IC	32	5	4	8	10
IC	33	2	5	4	5
IC	34	3	6	4	3
IC	35	3	3	3	9
IC	36	4	4	7	3
IC	37	4	3	4	6
IC	38	7	12	3	7
IC	39	2	3	2	6
IC	40	1	6	6	5
IC	41	2	2	6	3
IC	42	6	5	7	1
IC	43	0	1	2	3
IC	44	6	2	3	5
IC	45	6	1	4	4
IC	46	3	3	3	6
IC	47	0	5	10	4
IC	48	4	3	9	7
IC	49	3	4	11	4
IC	50	2	5	4	5
IC	51	2	3	5	4
IC	52	10	3	4	3
IC	53	5	1	4	4
IC	54	3	1	4	5
IC	55	2	1	2	6
IC	56	1	2	4	5
IC	57	3	2	4	2
IC	58	2	3	3	5
IC	59	2	4	4	4
IC	60	2	1	4	2
IC	61	3	6	8	1
IC	62	5	0	7	3
IC	63	1	0	4	4
IC	64	2	2	5	6
IC	65	4	3	7	9
IC	66	6	3	3	5
IC	67	5	2	6	6
IC	68	8	2	2	5
IC	69	4	8	5	3
IC	70	5	3	3	6
IC	71	3	3	5	6
IC	72	5	0	1	5
IC	73	6	5	3	5
IC	74	2	1	8	6
IC	75	4	1	3	3
IC	76	2	1	3	1
IC	77	0	4	3	7
IC	78	3	4	4	5
IC	79	3	3	6	6
IC	80	5	3	6	2
IC	81	0	2	4	15
IC	82	4	1	3	5
IC	83	1	1	2	6
IC	84	1	1	5	1
IC	85	2	1	2	7
IC	86	0	3	11	10
IC	87	3	2	5	4
IC	88	2	25	8	5
IC	89	6	2	9	7
IC	90	4	6	6	5
IC	91	7	1	17	2
IC	92	6	2	24	2
IC	93	7	1	12	1
IC	94	17	2	24	3
IC	95	27	6	24	5
IC	96	63	12	45	17
IC	97	102	27	63	22
# Coverage distribution. Use `grep ^COV | cut -f 2-` to extract this part.
COV	[1-1]	1	337870
COV	[2-2]	2	294896
COV	[3-3]	3	171403
COV	[4-4]	4	139317
COV	[5-5]	5	98169
COV	[6-6]	6	80822
COV	[7-7]	7	64810
COV	[8-8]	8	54532
COV	[9-9]	9	44625
COV	[10-10]	10	38900
COV	[11-11]	11	34567
COV	[12-12]	12	29388
COV	[13-13]	13	24102
COV	[14-14]	14	22185
COV	[15-15]	15	19712
COV	[16-16]	16	17813
COV	[17-17]	17	15956
COV	[18-18]	18	13045
COV	[19-19]	19	12305
COV	[20-20]	20	11438
COV	[21-21]	21	10131
COV	[22-22]	22	10329
COV	[23-23]	23	8847
COV	[24-24]	24	7960
COV	[25-25]	25	7342
COV	[26-26]	26	6737
COV	[27-27]	27	6304
COV	[28-28]	28	5565
COV	[29-29]	29	5338
COV	[30-30]	30	5172
COV	[31-31]	31	4741
COV	[32-32]	32	4690
COV	[33-33]	33	4180
COV	[34-34]	34	4108
COV	[35-35]	35	3826
COV	[36-36]	36	3526
COV	[37-37]	37	3676
COV	[38-38]	38	3061
COV	[39-39]	39	2998
COV	[40-40]	40	3030
COV	[41-41]	41	2698
COV	[42-42]	42	2577
COV	[43-43]	43	2619
COV	[44-44]	44	2599
COV	[45-45]	45	2340
COV	[46-46]	46	2334
COV	[47-47]	47	2019
COV	[48-48]	48	2093
COV	[49-49]	49	1886
COV	[50-50]	50	1858
COV	[51-51]	51	1872
COV	[52-52]	52	1756
COV	[53-53]	53	1577
COV	[54-54]	54	1496
COV	[55-55]	55	1516
COV	[56-56]	56	1477
COV	[57-57]	57	1373
COV	[58-58]	58	1474
COV	[59-59]	59	1336
COV	[60-60]	60	1232
COV	[61-61]	61	1091
COV	[62-62]	62	1129
COV	[63-63]	63	1045
COV	[64-64]	64	1001
COV	[65-65]	65	1064
COV	[66-66]	66	903
COV	[67-67]	67	818
COV	[68-68]	68	976
COV	[69-69]	69	1011
COV	[70-70]	70	933
COV	[71-71]	71	923
COV	[72-72]	72	819
COV	[73-73]	73	953
COV	[74-74]	74	873
COV	[75-75]	75	789
COV	[76-76]	76	805
COV	[77-77]	77	833
COV	[78-78]	78	878
COV	[79-79]	79	764
COV	[80-80]	80	778
COV	[81-81]	81	714
COV	[82-82]	82	637
COV	[83-83]	83	685
COV	[84-84]	84	617
COV	[85-85]	85	608
COV	[86-86]	86	559
COV	[87-87]	87	577
COV	[88-88]	88	599
COV	[89-89]	89	579
COV	[90-90]	90	553
COV	[91-91]	91	433
COV	[92-92]	92	436
COV	[93-93]	93	503
COV	[94-94]	94	404
COV	[95-95]	95	418
COV	[96-96]	96	404
COV	[97-97]	97	397
COV	[98-98]	98	413
COV	[99-99]	99	423
COV	[100-100]	100	385
COV	[101-101]	101	390
COV	[102-102]	102	435
COV	[103-103]	103	428
COV	[104-104]	104	466
COV	[105-105]	105	425
COV	[106-106]	106	329
COV	[107-107]	107	330
COV	[108-108]	108	367
COV	[109-109]	109	326
COV	[110-110]	110	276
COV	[111-111]	111	272
COV	[112-112]	112	268
COV	[113-113]	113	277
COV	[114-114]	114	286
COV	[115-115]	115	252
COV	[116-116]	116	322
COV	[117-117]	117	253
COV	[118-118]	118	279
COV	[119-119]	119	275
COV	[120-120]	120	207
COV	[121-121]	121	224
COV	[122-122]	122	231
COV	[123-123]	123	269
COV	[124-124]	124	245
COV	[125-125]	125	306
COV	[126-126]	126	253
COV	[127-127]	127	196
COV	[128-128]	128	180
COV	[129-129]	129	220
COV	[130-130]	130	222
COV	[131-131]	131	194
COV	[132-132]	132	181
COV	[133-133]	133	182
COV	[134-134]	134	189
COV	[135-135]	135	230
COV	[136-136]	136	190
COV	[137-137]	137	216
COV	[138-138]	138	215
COV	[139-139]	139	201
COV	[140-140]	140	180
COV	[141-141]	141	167
COV	[142-142]	142	223
COV	[143-143]	143	191
COV	[144-144]	144	169
COV	[145-145]	145	156
COV	[146-146]	146	154
COV	[147-147]	147	136
COV	[148-148]	148	153
COV	[149-149]	149	151
COV	[150-150]	150	197
COV	[151-151]	151	166
COV	[152-152]	152	165
COV	[153-153]	153	109
COV	[154-154]	154	115
COV	[155-155]	155	94
COV	[156-156]	156	127
COV	[157-157]	157	142
COV	[158-158]	158	106
COV	[159-159]	159	185
COV	[160-160]	160	142
COV	[161-161]	161	124
COV	[162-162]	162	136
COV	[163-163]	163	153
COV	[164-164]	164	133
COV	[165-165]	165	117
COV	[166-166]	166	162
COV	[167-167]	167	139
COV	[168-168]	168	108
COV	[169-169]	169	109
COV	[170-170]	170	139
COV	[171-171]	171	164
COV	[172-172]	172	93
COV	[173-173]	173	98
COV	[174-174]	174	103
COV	[175-175]	175	119
COV	[176-176]	176	91
COV	[177-177]	177	95
COV	[178-178]	178	108
COV	[179-179]	179	84
COV	[180-180]	180	84
COV	[181-181]	181	99
COV	[182-182]	182	86
COV	[183-183]	183	84
COV	[184-184]	184	100
COV	[185-185]	185	77
COV	[186-186]	186	62
COV	[187-187]	187	64
COV	[188-188]	188	68
COV	[189-189]	189	53
COV	[190-190]	190	74
COV	[191-191]	191	77
COV	[192-192]	192	70
COV	[193-193]	193	52
COV	[194-194]	194	91
COV	[195-195]	195	90
COV	[196-196]	196	90
COV	[197-197]	197	100
COV	[198-198]	198	93
COV	[199-199]	199	67
COV	[200-200]	200	63
COV	[201-201]	201	46
COV	[202-202]	202	41
COV	[203-203]	203	47
COV	[204-204]	204	63
COV	[205-205]	205	66
COV	[206-206]	206	73
COV	[207-207]	207	70
COV	[208-208]	208	90
COV	[209-209]	209	55
COV	[210-210]	210	48
COV	[211-211]	211	61
COV	[212-212]	212	56
COV	[213-213]	213	73
COV	[214-214]	214	51
COV	[215-215]	215	78
COV	[216-216]	216	76
COV	[217-217]	217	56
COV	[218-218]	218	44
COV	[219-219]	219	55
COV	[220-220]	220	60
COV	[221-221]	221	62
COV	[222-222]	222	87
COV	[223-223]	223	83
COV	[224-224]	224	89
COV	[225-225]	225	72
COV	[226-226]	226	45
COV	[227-227]	227	74
COV	[228-228]	228	52
COV	[229-229]	229	50
COV	[230-230]	230	63
COV	[231-231]	231	42
COV	[232-232]	232	61
COV	[233-233]	233	62
COV	[234-234]	234	43
COV	[235-235]	235	50
COV	[236-236]	236	64
COV	[237-237]	237	79
COV	[238-238]	238	52
COV	[239-239]	239	69
COV	[240-240]	240	62
COV	[241-241]	241	58
COV	[242-242]	242	41
COV	[243-243]	243	49
COV	[244-244]	244	37
COV	[245-245]	245	37
COV	[246-246]	246	43
COV	[247-247]	247	38
COV	[248-248]	248	33
COV	[249-249]	249	57
COV	[250-250]	250	43
COV	[251-251]	251	33
COV	[252-252]	252	46
COV	[253-253]	253	52
COV	[254-254]	254	38
COV	[255-255]	255	43
COV	[256-256]	256	34
COV	[257-257]	257	65
COV	[258-258]	258	43
COV	[259-259]	259	24
COV	[260-260]	260	45
COV	[261-261]	261	56
COV	[262-262]	262	48
COV	[263-263]	263	54
COV	[264-264]	264	55
COV	[265-265]	265	59
COV	[266-266]	266	51
COV	[267-267]	267	57
COV	[268-268]	268	38
COV	[269-269]	269	38
COV	[270-270]	270	45
COV	[271-271]	271	35
COV	[272-272]	272	41
COV	[273-273]	273	44
COV	[274-274]	274	44
COV	[275-275]	275	36
COV	[276-276]	276	38
COV	[277-277]	277	25
COV	[278-278]	278	29
COV	[279-279]	279	42
COV	[280-280]	280	37
COV	[281-281]	281	25
COV	[282-282]	282	35
COV	[283-283]	283	42
COV	[284-284]	284	27
COV	[285-285]	285	26
COV	[286-286]	286	36
COV	[287-287]	287	32
COV	[288-288]	288	19
COV	[289-289]	289	26
COV	[290-290]	290	31
COV	[291-291]	291	30
COV	[292-292]	292	30
COV	[293-293]	293	37
COV	[294-294]	294	37
COV	[295-295]	295	31
COV	[296-296]	296	15
COV	[297-297]	297	21
COV	[298-298]	298	19
COV	[299-299]	299	38
COV	[300-300]	300	28
COV	[301-301]	301	26
COV	[302-302]	302	29
COV	[303-303]	303	20
COV	[304-304]	304	18
COV	[305-305]	305	25
COV	[306-306]	306	17
COV	[307-307]	307	14
COV	[308-308]	308	27
COV	[309-309]	309	29
COV	[310-310]	310	13
COV	[311-311]	311	18
COV	[312-312]	312	23
COV	[313-313]	313	18
COV	[314-314]	314	12
COV	[315-315]	315	16
COV	[316-316]	316	13
COV	[317-317]	317	11
COV	[318-318]	318	12
COV	[319-319]	319	24
COV	[320-320]	320	17
COV	[321-321]	321	12
COV	[322-322]	322	10
COV	[323-323]	323	16
COV	[324-324]	324	14
COV	[325-325]	325	26
COV	[326-326]	326	26
COV	[327-327]	327	19
COV	[328-328]	328	13
COV	[329-329]	329	20
COV	[330-330]	330	15
COV	[331-331]	331	18
COV	[332-332]	332	27
COV	[333-333]	333	16
COV	[334-334]	334	16
COV	[335-335]	335	11
COV	[336-336]	336	22
COV	[337-337]	337	20
COV	[338-338]	338	15
COV	[339-339]	339	17
COV	[340-340]	340	21
COV	[341-341]	341	29
COV	[342-342]	342	26
COV	[343-343]	343	17
COV	[344-344]	344	18
COV	[345-345]	345	20
COV	[346-346]	346	21
COV	[347-347]	347	10
COV	[348-348]	348	26
COV	[349-349]	349	18
COV	[350-350]	350	24
COV	[351-351]	351	13
COV	[352-352]	352	14
COV	[353-353]	353	20
COV	[354-354]	354	12
COV	[355-355]	355	19
COV	[356-356]	356	15
COV	[357-357]	357	13
COV	[358-358]	358	18
COV	[359-359]	359	16
COV	[360-360]	360	6
COV	[361-361]	361	12
COV	[362-362]	362	4
COV	[363-363]	363	8
COV	[364-364]	364	17
COV	[365-365]	365	11
COV	[366-366]	366	6
COV	[367-367]	367	15
COV	[368-368]	368	1
COV	[369-369]	369	8
COV	[370-370]	370	4
COV	[371-371]	371	11
COV	[372-372]	372	17
COV	[373-373]	373	12
COV	[374-374]	374	19
COV	[375-375]	375	18
COV	[376-376]	376	21
COV	[377-377]	377	22
COV	[378-378]	378	20
COV	[379-379]	379	12
COV	[380-380]	380	12
COV	[381-381]	381	22
COV	[382-382]	382	14
COV	[383-383]	383	11
COV	[384-384]	384	10
COV	[385-385]	385	9
COV	[386-386]	386	11
COV	[387-387]	387	15
COV	[388-388]	388	6
COV	[389-389]	389	6
COV	[390-390]	390	4
COV	[391-391]	391	5
COV	[392-392]	392	8
COV	[393-393]	393	6
COV	[394-394]	394	2
COV	[395-395]	395	10
COV	[396-396]	396	7
COV	[397-397]	397	9
COV	[398-398]	398	9
COV	[399-399]	399	11
COV	[400-400]	400	5
COV	[401-401]	401	7
COV	[402-402]	402	5
COV	[403-403]	403	6
COV	[404-404]	404	4
COV	[405-405]	405	5
COV	[406-406]	406	10
COV	[407-407]	407	1
COV	[408-408]	408	3
COV	[409-409]	409	7
COV	[410-410]	410	6
COV	[411-411]	411	2
COV	[412-412]	412	8
COV	[413-413]	413	5
COV	[414-414]	414	3
COV	[415-415]	415	3
COV	[417-417]	417	3
COV	[418-418]	418	4
COV	[419-419]	419	4
COV	[420-420]	420	3
COV	[421-421]	421	3
COV	[422-422]	422	7
COV	[423-423]	423	3
COV	[424-424]	424	1
COV	[425-425]	425	5
COV	[426-426]	426	2
COV	[427-427]	427	3
COV	[428-428]	428	3
COV	[429-429]	429	6
COV	[430-430]	430	3
COV	[431-431]	431	9
COV	[432-432]	432	1
COV	[433-433]	433	1
COV	[435-435]	435	2
COV	[436-436]	436	2
COV	[437-437]	437	1
COV	[438-438]	438	2
COV	[439-439]	439	3
COV	[440-440]	440	6
COV	[441-441]	441	4
COV	[442-442]	442	6
COV	[443-443]	443	3
COV	[444-444]	444	9
COV	[445-445]	445	4
COV	[446-446]	446	4
COV	[447-447]	447	8
COV	[448-448]	448	3
COV	[449-449]	449	4
COV	[450-450]	450	14
COV	[451-451]	451	10
COV	[452-452]	452	11
COV	[453-453]	453	6
COV	[454-454]	454	7
COV	[455-455]	455	11
COV	[456-456]	456	2
COV	[457-457]	457	7
COV	[458-458]	458	8
COV	[459-459]	459	6
COV	[460-460]	460	8
COV	[461-461]	461	14
COV	[462-462]	462	10
COV	[463-463]	463	2
COV	[464-464]	464	1
COV	[465-465]	465	2
COV	[466-466]	466	2
COV	[467-467]	467	7
COV	[468-468]	468	6
COV	[469-469]	469	4
COV	[471-471]	471	2
COV	[472-472]	472	3
COV	[473-473]	473	2
COV	[474-474]	474	4
COV	[475-475]	475	2
COV	[476-476]	476	3
COV	[477-477]	477	1
COV	[478-478]	478	1
COV	[479-479]	479	2
COV	[480-480]	480	1
COV	[481-481]	481	2
COV	[483-483]	483	2
COV	[484-484]	484	1
COV	[485-485]	485	1
COV	[486-486]	486	2
COV	[487-487]	487	3
COV	[488-488]	488	3
COV	[489-489]	489	1
COV	[490-490]	490	1
COV	[491-491]	491	4
COV	[492-492]	492	4
COV	[493-493]	493	2
COV	[494-494]	494	1
COV	[495-495]	495	7
COV	[496-496]	496	2
COV	[497-497]	497	1
COV	[498-498]	498	4
COV	[499-499]	499	2
COV	[500-500]	500	5
COV	[501-501]	501	4
COV	[502-502]	502	2
COV	[503-503]	503	3
COV	[504-504]	504	1
COV	[505-505]	505	2
COV	[506-506]	506	1
COV	[507-507]	507	3
COV	[509-509]	509	3
COV	[510-510]	510	1
COV	[511-511]	511	1
COV	[512-512]	512	3
COV	[513-513]	513	2
COV	[514-514]	514	1
COV	[515-515]	515	6
COV	[516-516]	516	2
COV	[517-517]	517	3
COV	[518-518]	518	2
COV	[520-520]	520	3
COV	[521-521]	521	6
COV	[522-522]	522	3
COV	[523-523]	523	6
COV	[524-524]	524	3
COV	[525-525]	525	2
COV	[526-526]	526	2
COV	[527-527]	527	2
COV	[528-528]	528	2
COV	[529-529]	529	7
COV	[530-530]	530	2
COV	[531-531]	531	8
COV	[532-532]	532	5
COV	[533-533]	533	4
COV	[534-534]	534	2
COV	[535-535]	535	2
COV	[536-536]	536	1
COV	[537-537]	537	1
COV	[539-539]	539	1
COV	[540-540]	540	3
COV	[541-541]	541	1
COV	[542-542]	542	4
COV	[543-543]	543	3
COV	[544-544]	544	2
COV	[545-545]	545	1
COV	[546-546]	546	1
COV	[547-547]	547	2
COV	[548-548]	548	4
COV	[549-549]	549	6
COV	[550-550]	550	6
COV	[551-551]	551	4
COV	[552-552]	552	6
COV	[553-553]	553	9
COV	[554-554]	554	3
COV	[555-555]	555	3
COV	[556-556]	556	3
COV	[557-557]	557	5
COV	[558-558]	558	4
COV	[559-559]	559	7
COV	[560-560]	560	1
COV	[561-561]	561	4
COV	[562-562]	562	3
COV	[563-563]	563	2
COV	[564-564]	564	1
COV	[565-565]	565	5
COV	[566-566]	566	3
COV	[567-567]	567	3
COV	[568-568]	568	3
COV	[569-569]	569	5
COV	[570-570]	570	2
COV	[571-571]	571	3
COV	[573-573]	573	4
COV	[574-574]	574	1
COV	[575-575]	575	2
COV	[576-576]	576	3
COV	[577-577]	577	4
COV	[578-578]	578	6
COV	[579-579]	579	5
COV	[580-580]	580	2
COV	[581-581]	581	1
COV	[582-582]	582	3
COV	[583-583]	583	1
COV	[584-584]	584	2
COV	[585-585]	585	1
COV	[586-586]	586	3
COV	[587-587]	587	7
COV	[588-588]	588	4
COV	[589-589]	589	6
COV	[590-590]	590	8
COV	[591-591]	591	4
COV	[592-592]	592	2
COV	[593-593]	593	1
COV	[596-596]	596	1
COV	[597-597]	597	3
COV	[598-598]	598	7
COV	[599-599]	599	6
COV	[600-600]	600	9
COV	[601-601]	601	7
COV	[602-602]	602	3
COV	[603-603]	603	3
COV	[604-604]	604	4
COV	[605-605]	605	5
COV	[606-606]	606	4
COV	[607-607]	607	2
COV	[608-608]	608	4
COV	[610-610]	610	2
COV	[611-611]	611	3
COV	[612-612]	612	4
COV	[613-613]	613	4
COV	[614-614]	614	10
COV	[615-615]	615	5
COV	[616-616]	616	5
COV	[617-617]	617	1
COV	[618-618]	618	3
COV	[619-619]	619	4
COV	[620-620]	620	2
COV	[621-621]	621	1
COV	[622-622]	622	3
COV	[624-624]	624	1
COV	[627-627]	627	1
COV	[629-629]	629	1
COV	[630-630]	630	2
COV	[631-631]	631	2
COV	[632-632]	632	6
COV	[635-635]	635	1
COV	[636-636]	636	2
COV	[637-637]	637	3
COV	[638-638]	638	2
COV	[639-639]	639	1
COV	[641-641]	641	1
COV	[642-642]	642	1
COV	[644-644]	644	1
COV	[649-649]	649	2
COV	[651-651]	651	2
COV	[653-653]	653	1
COV	[654-654]	654	1
COV	[655-655]	655	4
COV	[657-657]	657	3
COV	[658-658]	658	1
COV	[660-660]	660	2
COV	[661-661]	661	1
COV	[662-662]	662	3
COV	[665-665]	665	1
COV	[667-667]	667	1
COV	[668-668]	668	1
COV	[669-669]	669	1
COV	[671-671]	671	1
COV	[672-672]	672	1
COV	[673-673]	673	3
COV	[674-674]	674	1
COV	[676-676]	676	2
COV	[677-677]	677	1
COV	[678-678]	678	2
COV	[679-679]	679	4
COV	[680-680]	680	5
COV	[681-681]	681	2
COV	[682-682]	682	3
COV	[685-685]	685	2
COV	[687-687]	687	1
COV	[688-688]	688	4
COV	[689-689]	689	3
COV	[690-690]	690	3
COV	[693-693]	693	2
COV	[695-695]	695	3
COV	[697-697]	697	1
COV	[698-698]	698	1
COV	[699-699]	699	1
COV	[707-707]	707	1
COV	[709-709]	709	1
COV	[711-711]	711	1
COV	[714-714]	714	1
COV	[716-716]	716	3
COV	[719-719]	719	1
COV	[721-721]	721	1
COV	[723-723]	723	1
COV	[726-726]	726	1
COV	[731-731]	731	1
COV	[735-735]	735	1
COV	[740-740]	740	2
COV	[741-741]	741	1
COV	[742-742]	742	1
COV	[745-745]	745	1
COV	[748-748]	748	2
COV	[749-749]	749	1
COV	[755-755]	755	1
COV	[756-756]	756	1
COV	[758-758]	758	1
COV	[762-762]	762	1
COV	[763-763]	763	1
COV	[764-764]	764	1
COV	[767-767]	767	2
COV	[768-768]	768	3
COV	[769-769]	769	1
COV	[771-771]	771	1
COV	[772-772]	772	1
COV	[773-773]	773	3
COV	[774-774]	774	1
COV	[777-777]	777	1
COV	[778-778]	778	1
COV	[781-781]	781	1
COV	[783-783]	783	2
COV	[784-784]	784	1
COV	[786-786]	786	1
COV	[787-787]	787	1
COV	[790-790]	790	2
COV	[791-791]	791	2
COV	[792-792]	792	1
COV	[796-796]	796	1
COV	[799-799]	799	3
COV	[801-801]	801	2
COV	[802-802]	802	2
COV	[806-806]	806	1
COV	[811-811]	811	1
COV	[814-814]	814	1
COV	[816-816]	816	1
COV	[819-819]	819	3
COV	[820-820]	820	2
COV	[821-821]	821	1
COV	[823-823]	823	2
COV	[824-824]	824	2
COV	[825-825]	825	1
COV	[826-826]	826	5
COV	[827-827]	827	2
COV	[828-828]	828	2
COV	[831-831]	831	1
COV	[832-832]	832	1
COV	[833-833]	833	1
COV	[834-834]	834	1
COV	[835-835]	835	2
COV	[836-836]	836	1
COV	[837-837]	837	3
COV	[838-838]	838	1
COV	[839-839]	839	2
COV	[840-840]	840	1
COV	[841-841]	841	1
COV	[842-842]	842	1
COV	[843-843]	843	1
COV	[845-845]	845	2
COV	[846-846]	846	2
COV	[847-847]	847	8
COV	[848-848]	848	7
COV	[849-849]	849	1
COV	[850-850]	850	2
COV	[852-852]	852	2
COV	[853-853]	853	1
COV	[854-854]	854	1
COV	[855-855]	855	1
COV	[856-856]	856	1
COV	[857-857]	857	1
COV	[858-858]	858	5
COV	[860-860]	860	3
COV	[865-865]	865	1
COV	[869-869]	869	3
COV	[870-870]	870	1
COV	[872-872]	872	2
COV	[873-873]	873	2
COV	[874-874]	874	1
COV	[876-876]	876	1
COV	[877-877]	877	1
COV	[878-878]	878	1
COV	[879-879]	879	2
COV	[880-880]	880	1
COV	[882-882]	882	2
COV	[887-887]	887	1
COV	[890-890]	890	2
COV	[893-893]	893	1
COV	[894-894]	894	2
COV	[895-895]	895	3
COV	[897-897]	897	3
COV	[898-898]	898	3
COV	[899-899]	899	2
COV	[902-902]	902	1
COV	[904-904]	904	1
COV	[905-905]	905	3
COV	[906-906]	906	1
COV	[907-907]	907	2
COV	[908-908]	908	2
COV	[909-909]	909	3
COV	[910-910]	910	1
COV	[911-911]	911	1
COV	[912-912]	912	1
COV	[913-913]	913	1
COV	[915-915]	915	1
COV	[916-916]	916	2
COV	[917-917]	917	2
COV	[918-918]	918	2
COV	[919-919]	919	2
COV	[920-920]	920	3
COV	[921-921]	921	1
COV	[927-927]	927	1
COV	[928-928]	928	1
COV	[932-932]	932	1
COV	[951-951]	951	1
COV	[952-952]	952	1
COV	[961-961]	961	1
COV	[970-970]	970	1
COV	[975-975]	975	1
COV	[980-980]	980	1
COV	[989-989]	989	1
COV	[990-990]	990	1
COV	[994-994]	994	1
COV	[999-999]	999	1
COV	[1000<]	1000	812
# GC-depth. Use `grep ^GCD | cut -f 2-` to extract this part. The columns are: GC%, unique sequence percentiles, 10th, 25th, 50th, 75th and 90th depth percentile
GCD	0.0	1.183	0.000	0.000	0.000	0.000	0.000
GCD	32.0	1.775	1.001	1.001	1.001	1.001	1.001
GCD	33.0	2.367	2.745	2.745	2.745	2.745	2.745
GCD	34.0	5.917	0.357	0.587	1.139	2.772	5.677
GCD	35.0	8.876	0.406	0.461	0.807	12.395	22.075
GCD	36.0	11.243	0.961	1.235	2.100	4.274	4.984
GCD	37.0	21.302	0.472	1.013	1.704	2.935	8.105
GCD	38.0	30.178	0.117	0.490	1.432	5.157	7.568
GCD	39.0	39.053	0.347	1.149	2.437	4.924	8.785
GCD	40.0	57.396	1.178	2.536	4.885	8.387	14.116
GCD	40.5	57.988	0.585	0.585	0.585	0.585	0.585
GCD	41.0	82.840	1.444	3.730	6.311	12.340	18.119
GCD	42.0	94.675	1.600	3.346	5.365	8.943	34.875
GCD	43.0	96.450	7.198	7.198	13.861	35.996	35.996
GCD	44.0	97.633	0.367	0.367	4.156	7.946	7.946
GCD	45.0	98.817	0.010	0.010	0.010	0.010	0.010
GCD	48.0	100.000	54.494	54.494	162.381	270.269	270.269
