# This file was produced by samtools stats (1.21+htslib-1.21) and can be plotted using plot-bamstats
# This file contains statistics for all reads.
# The command line was:  stats ../../../mapping/transcriptome/ERR1797974/ERR1797974_sorted.bam
# CHK, Checksum	[2]Read Names	[3]Sequences	[4]Qualities
# CHK, CRC32 of reads which passed filtering followed by addition (32bit overflow)
CHK	e0c8ca72	c508219b	be667d32
# Summary Numbers. Use `grep ^SN | cut -f 2-` to extract this part.
SN	raw total sequences:	240416	# excluding supplementary and secondary reads
SN	filtered sequences:	0
SN	sequences:	240416
SN	is sorted:	1
SN	1st fragments:	120208
SN	last fragments:	120208
SN	reads mapped:	238505
SN	reads mapped and paired:	238498	# paired-end technology bit set + both mates mapped
SN	reads unmapped:	1911
SN	reads properly paired:	234304	# proper-pair bit set
SN	reads paired:	240416	# paired-end technology bit set
SN	reads duplicated:	0	# PCR or optical duplicate bit set
SN	reads MQ0:	2436	# mapped and MQ=0
SN	reads QC failed:	0
SN	non-primary alignments:	0
SN	supplementary alignments:	190
SN	total length:	23807643	# ignores clipping
SN	total first fragment length:	11916384	# ignores clipping
SN	total last fragment length:	11891259	# ignores clipping
SN	bases mapped:	23628343	# ignores clipping
SN	bases mapped (cigar):	23163341	# more accurate
SN	bases trimmed:	0
SN	bases duplicated:	0
SN	mismatches:	106407	# from NM fields
SN	error rate:	4.593768e-03	# mismatches / bases mapped (cigar)
SN	average length:	99
SN	average first fragment length:	99
SN	average last fragment length:	99
SN	maximum length:	100
SN	maximum first fragment length:	100
SN	maximum last fragment length:	100
SN	average quality:	37.3
SN	insert size average:	147.2
SN	insert size standard deviation:	57.8
SN	inward oriented pairs:	106546
SN	outward oriented pairs:	12607
SN	pairs with other orientation:	22
SN	pairs on different chromosomes:	74
SN	percentage of properly paired reads (%):	97.5
# First Fragment Qualities. Use `grep ^FFQ | cut -f 2-` to extract this part.
# Columns correspond to qualities and rows to cycles. First column is the cycle number.
FFQ	1	0	0	0	0	0	0	0	0	0	0	112	0	0	0	0	0	217	0	0	8	0	0	55	320	0	418	921	1328	1079	0	5352	34836	0	9628	65934	0	0	0	0	0	0	0	0
FFQ	2	0	0	0	0	0	0	0	0	0	0	262	0	0	0	0	0	300	0	0	2	0	0	117	279	0	323	807	1596	848	0	4321	30977	0	5148	75228	0	0	0	0	0	0	0	0
FFQ	3	0	0	0	0	0	0	0	0	0	0	91	0	0	0	0	0	240	0	0	5	0	0	91	242	0	380	821	1522	910	0	4183	29489	0	5032	77194	8	0	0	0	0	0	0	0
FFQ	4	0	0	0	0	0	0	0	0	0	0	86	0	0	0	0	0	105	0	0	91	0	0	91	0	0	251	433	21	575	0	1120	27	1681	2751	0	21596	0	91380	0	0	0	0	0
FFQ	5	0	0	0	0	0	0	0	0	0	0	104	0	0	0	0	0	118	0	0	88	0	0	96	0	0	226	385	28	491	2	997	39	1523	2525	0	22300	0	91286	0	0	0	0	0
FFQ	6	0	0	0	0	0	0	0	0	17	0	74	15	0	0	0	11	29	80	66	42	0	7	6	94	0	236	311	65	292	225	969	152	1750	2203	0	19918	2280	91366	0	0	0	0	0
FFQ	7	0	0	0	0	0	0	0	0	8	0	75	14	0	0	0	12	20	96	75	32	0	20	8	108	0	253	335	86	288	237	1015	197	1810	2237	0	20346	2336	90600	0	0	0	0	0
FFQ	8	0	0	0	0	0	0	0	0	13	0	81	10	0	0	0	11	34	71	54	35	0	19	9	120	0	248	321	102	298	235	994	263	1802	2201	0	20765	2230	90285	1	6	0	0	0
FFQ	9	0	0	0	0	0	0	0	0	20	0	69	12	0	0	0	18	30	85	53	33	0	9	11	106	0	238	142	358	240	229	931	212	1621	1509	1109	5872	2	12890	8006	86403	0	0	0
FFQ	10	0	0	0	0	0	0	0	0	17	0	40	12	0	0	0	19	27	64	58	36	0	18	11	91	0	255	107	389	157	223	899	251	1544	1435	1056	5841	1	13069	7931	86657	0	0	0
FFQ	11	0	0	0	0	0	0	0	0	13	0	38	11	0	0	0	15	24	74	42	32	0	23	5	85	1	238	142	448	78	194	970	189	1569	1441	1059	5879	3	12812	7855	86968	0	0	0
FFQ	12	0	0	0	0	0	0	0	1	23	1	99	25	0	0	0	26	30	77	61	39	0	10	11	105	2	256	137	515	50	230	969	140	1607	1539	992	5983	4	12628	8132	86516	0	0	0
FFQ	13	0	0	0	0	0	0	0	0	18	1	47	16	0	0	0	15	28	75	49	34	0	13	10	117	5	242	123	542	49	249	955	179	1521	1482	1058	5943	1	12596	7986	86848	1	5	0
FFQ	14	0	0	0	0	0	0	0	0	21	0	73	12	0	0	0	0	45	105	55	33	0	26	7	29	75	244	114	505	42	263	405	674	997	1654	1265	1026	3723	3563	10649	9158	25475	59970	0
FFQ	15	0	0	0	0	0	0	1	0	21	0	66	15	0	0	0	0	39	94	48	36	0	23	2	38	67	272	127	513	39	228	394	654	1006	1617	1204	1010	3632	3536	10801	9304	25085	60336	0
FFQ	16	0	0	0	0	0	0	0	0	12	0	62	8	0	0	0	1	36	93	39	42	0	16	4	40	62	236	116	530	52	217	417	704	1031	1652	1180	1019	3694	3514	10652	9023	24998	60758	0
FFQ	17	0	0	0	0	0	0	0	1	9	4	40	16	0	0	0	1	39	64	44	36	0	11	14	45	65	187	97	477	37	213	406	679	950	1505	1218	986	3671	3443	10455	8908	25321	61266	0
FFQ	18	0	0	0	0	0	0	0	0	10	1	46	11	0	0	1	3	29	62	37	33	0	13	7	51	84	208	129	443	40	224	417	640	916	1621	1199	1046	3627	3465	10444	8926	25047	61428	0
FFQ	19	0	0	0	0	0	0	0	0	7	3	43	11	0	0	0	5	19	10	115	38	1	11	7	37	93	190	120	490	45	242	424	630	952	938	1711	1160	3091	3455	8593	10112	25696	61959	0
FFQ	20	0	0	0	0	0	0	1	1	18	3	37	9	0	0	1	1	34	9	93	34	1	12	15	36	82	192	131	470	35	276	409	602	891	892	1793	1037	3017	3385	8444	10352	25383	62512	0
FFQ	21	0	0	0	0	0	0	0	0	5	3	45	19	0	0	0	4	29	14	90	35	1	17	6	42	105	183	97	434	44	201	456	620	843	898	1788	1137	3088	3335	8556	10564	25333	62216	0
FFQ	22	0	0	0	0	0	0	0	2	25	11	72	25	1	1	0	7	43	21	118	38	0	24	7	46	127	182	111	399	39	254	459	612	815	897	1655	1203	2976	3366	8634	10524	25185	62329	0
FFQ	23	0	0	0	0	0	0	0	1	20	11	36	12	0	0	0	5	36	30	83	54	0	26	9	48	139	177	91	419	46	231	449	630	911	969	1794	1257	3038	3367	8709	10421	25212	61977	0
FFQ	24	0	0	0	0	0	0	0	1	30	15	75	14	0	1	0	7	47	32	94	39	0	20	12	51	160	175	111	416	34	226	525	640	820	926	1771	1166	3021	3374	8729	10029	23913	63734	0
FFQ	25	0	0	0	0	0	0	1	0	9	14	36	6	0	1	0	17	37	29	75	42	1	16	9	59	146	180	118	418	46	241	572	630	783	1006	1728	1305	3069	3267	8808	9719	24389	63431	0
FFQ	26	0	0	0	0	0	0	0	1	17	19	40	1	2	1	1	8	46	21	56	49	1	18	8	62	150	149	109	383	47	238	625	644	753	976	1714	1367	2990	3338	8955	9540	24955	62924	0
FFQ	27	0	0	1	0	0	0	0	0	11	20	39	4	0	0	2	12	51	31	58	53	1	21	8	60	196	148	121	371	40	241	624	584	692	992	1601	1454	2878	3454	9265	9462	24979	62734	0
FFQ	28	0	0	0	0	0	0	0	1	23	27	30	4	2	1	2	19	38	16	45	50	4	26	11	52	184	186	116	335	57	259	671	634	667	986	1541	1491	2970	3238	9281	9318	25446	62477	0
FFQ	29	0	0	0	0	0	0	0	5	33	46	42	2	0	2	0	27	76	31	40	51	4	26	12	74	192	178	103	330	39	234	610	617	626	1033	1539	1595	2884	3316	9555	8958	25643	62285	0
FFQ	30	0	0	0	0	0	0	0	2	40	47	34	1	0	1	2	35	65	32	47	46	4	34	21	66	187	188	89	343	52	259	714	639	565	1060	1609	1634	2910	3350	9650	8801	25524	62157	0
FFQ	31	0	0	0	0	0	0	1	2	29	37	10	0	1	2	0	36	57	12	44	61	1	28	23	72	172	218	113	310	54	246	771	697	530	1060	1564	1798	2775	3461	9604	8637	25638	62144	0
FFQ	32	0	0	0	0	0	0	2	3	32	65	18	0	2	1	2	40	78	11	51	42	1	27	19	55	207	200	122	293	55	252	767	678	525	1121	1502	2024	2666	3467	9700	8489	25941	61750	0
FFQ	33	0	0	0	0	0	0	1	1	21	36	4	0	1	2	0	28	58	12	42	31	5	27	15	58	204	220	127	283	77	257	855	665	495	1206	1520	2081	2645	3384	9874	8407	25536	62030	0
FFQ	34	0	0	0	0	0	0	3	1	20	47	3	0	0	2	1	38	46	9	44	39	4	28	12	51	203	183	122	247	67	241	852	685	458	1164	1514	2201	2536	3431	9923	8238	25901	61894	0
FFQ	35	0	0	0	0	0	0	2	4	34	78	6	0	4	2	8	44	67	8	33	35	3	38	16	67	200	172	126	250	71	240	877	660	457	1281	1397	2290	2480	3520	10082	8351	25269	62036	0
FFQ	36	0	0	0	0	0	0	5	4	36	58	0	0	2	2	2	43	44	7	48	33	3	31	23	60	191	189	141	259	80	255	870	632	528	1337	1397	2362	2459	3433	10091	8346	25659	61578	0
FFQ	37	0	0	0	0	0	0	2	4	31	35	0	0	0	2	4	33	31	4	39	50	3	39	20	91	195	208	152	261	92	251	860	710	475	1365	1344	2427	2308	3576	10062	8438	25661	61435	0
FFQ	38	0	0	0	0	0	0	2	3	35	48	0	0	1	2	5	45	29	11	34	40	7	43	26	81	229	181	159	297	99	251	798	694	474	1501	1335	2587	2268	3700	10039	8396	25716	61072	0
FFQ	39	0	0	0	0	0	0	2	7	28	53	0	0	6	6	8	43	25	9	41	50	11	54	31	79	220	161	167	249	138	269	835	753	561	1446	1337	2666	2309	3795	9733	8623	25592	60901	0
FFQ	40	0	0	0	0	0	0	6	6	18	37	0	0	3	5	9	51	28	11	41	48	10	50	32	108	219	155	183	266	161	274	845	720	502	1575	1277	2748	2364	3972	9725	8914	25223	60622	0
FFQ	41	0	0	0	0	0	0	2	10	32	52	0	0	3	7	7	68	21	9	37	49	8	52	38	104	233	151	210	260	172	275	823	778	589	1640	1351	2855	2359	4228	9653	8789	25300	60043	0
FFQ	42	0	0	0	0	0	0	3	10	27	38	0	0	5	8	9	40	20	10	40	39	14	48	34	117	248	150	210	283	188	261	881	774	512	1674	1338	2928	2511	4533	9596	9127	25403	59129	0
FFQ	43	0	0	0	0	0	0	2	11	21	42	0	0	4	8	13	49	18	15	43	49	10	49	51	110	220	97	197	253	189	254	820	801	603	1714	1364	2956	2583	4660	9505	9070	24850	59577	0
FFQ	44	0	0	0	0	0	0	1	12	29	31	0	0	4	6	15	41	14	13	40	64	9	62	42	142	253	93	212	269	248	250	746	831	655	1729	1465	3082	2609	4746	9647	9416	24784	58648	0
FFQ	45	0	0	0	0	0	0	5	18	28	35	1	0	3	18	25	43	14	20	51	51	16	52	59	124	248	84	236	259	257	297	762	898	653	1788	1521	3139	2654	4904	9493	9496	24928	58028	0
FFQ	46	0	0	0	0	0	0	10	30	48	62	0	2	9	11	24	56	11	12	30	58	17	59	51	149	251	84	226	249	289	319	667	916	709	1731	1607	3260	2845	5130	9288	9421	24572	58005	0
FFQ	47	0	0	0	0	0	0	4	12	26	29	0	1	6	14	26	36	14	13	34	51	24	67	67	136	214	76	264	267	322	323	674	923	736	1740	1665	3442	3048	5065	9175	10030	24760	56924	0
FFQ	48	0	0	0	0	0	0	8	11	30	35	0	1	5	13	15	32	9	16	36	65	18	58	75	185	189	56	271	240	348	286	661	969	693	1719	1832	3544	3316	5098	9258	10629	24099	56388	0
FFQ	49	0	0	0	0	0	0	7	17	30	17	0	1	19	19	20	39	3	10	37	41	21	58	64	168	170	65	314	255	435	310	625	986	781	1660	1948	3644	3570	5509	8318	11415	24019	55613	0
FFQ	50	0	0	0	0	0	1	7	20	38	16	0	3	10	23	21	21	5	18	38	51	27	56	81	177	187	51	335	262	458	362	548	980	834	1696	2056	3905	3646	5875	8187	11828	23392	54993	0
FFQ	51	0	0	0	0	0	0	9	16	34	19	1	1	8	16	33	21	14	21	40	46	48	61	94	200	190	52	362	222	469	354	574	1080	847	1708	2230	4246	3947	6157	8342	12061	22937	53691	0
FFQ	52	0	0	0	0	0	0	9	15	47	22	0	1	10	23	24	26	18	19	44	55	33	51	97	218	155	44	409	249	482	381	549	1095	914	1721	2376	4511	4080	6683	8150	12695	22530	52355	0
FFQ	53	0	0	0	0	0	0	10	26	38	25	1	3	8	32	26	20	10	23	46	54	53	50	114	189	170	38	375	231	569	418	541	1192	1049	1693	2510	5252	4312	6873	8053	13532	21620	50868	0
FFQ	54	0	0	0	0	0	0	7	24	37	8	0	2	18	32	22	11	13	17	36	55	48	71	113	204	144	45	385	211	581	399	565	1167	1009	1635	2707	5839	4559	7064	7928	14429	20948	49611	0
FFQ	55	0	0	0	0	0	0	6	21	39	18	0	4	11	30	14	14	9	20	45	56	71	61	131	199	71	110	437	205	600	399	480	1228	1063	1593	2882	6317	5191	7576	7875	14691	20466	47955	0
FFQ	56	0	0	0	0	0	0	11	20	48	11	0	1	7	24	21	9	10	16	55	44	70	76	147	210	78	113	458	224	643	414	510	1254	1161	1636	3122	6671	5726	8317	7497	15484	19657	46076	0
FFQ	57	0	0	0	0	0	0	19	36	72	22	0	5	11	41	27	5	9	20	53	54	73	67	140	176	102	98	546	191	691	435	560	1344	1248	1740	3218	7569	5894	8854	7573	16305	18609	43919	0
FFQ	58	0	0	0	0	0	0	18	43	70	7	0	5	9	49	32	14	10	24	56	54	81	51	174	200	75	104	518	177	646	494	620	1318	1239	1790	3639	8378	6501	9489	7236	17069	17943	41522	0
FFQ	59	0	0	0	0	0	1	4	24	38	7	0	3	12	43	24	4	19	13	72	55	85	63	171	179	81	108	547	187	695	524	641	1361	1258	1768	3671	9346	7004	10753	6803	17426	17020	39586	0
FFQ	60	0	0	0	0	0	0	8	23	52	2	0	4	9	36	16	3	13	20	51	49	89	54	177	141	65	129	580	201	691	536	657	1389	1320	1906	3950	10545	7901	11187	6615	18004	15823	37268	0
FFQ	61	0	0	0	0	0	0	44	104	198	14	3	25	30	116	54	5	16	32	87	53	80	95	183	154	84	148	630	225	702	580	641	1547	1418	1921	4245	11683	8636	11797	6345	18504	14520	34449	0
FFQ	62	0	0	0	0	0	0	10	39	57	5	2	14	24	81	32	5	15	28	61	31	114	100	246	193	88	109	666	193	747	602	771	1531	1521	2026	4550	13039	9300	12786	5930	19341	13329	31723	0
FFQ	63	0	0	0	0	0	2	15	52	53	2	4	14	14	60	26	4	12	18	85	32	105	85	225	163	90	136	610	198	740	648	834	1596	1586	2264	4817	14635	9868	13771	5545	19873	12196	28835	0
FFQ	64	0	0	0	0	0	0	7	22	33	0	1	5	17	48	21	7	5	17	80	38	129	82	167	114	59	123	712	168	659	644	831	1559	1617	2400	5344	16273	10570	14684	5167	20050	11224	26236	0
FFQ	65	0	0	0	0	0	0	12	49	57	2	2	8	18	47	17	3	11	22	72	38	106	70	208	137	82	145	690	185	609	734	805	1643	1613	2564	5408	18087	11229	15455	4820	20810	10062	23228	0
FFQ	66	0	0	0	0	0	1	10	36	67	0	2	9	13	47	19	5	16	24	78	37	128	86	194	116	88	129	718	155	610	786	890	1639	1753	2633	5786	19956	12077	16083	4391	21174	8884	20312	0
FFQ	67	0	0	0	0	0	1	9	49	52	0	1	8	14	36	20	8	11	18	76	35	112	86	219	121	88	158	749	202	541	868	1029	1581	1771	2863	6135	22356	12794	16681	3947	20845	7564	17826	0
FFQ	68	0	0	0	0	0	0	2	34	40	0	3	10	8	55	15	5	7	17	81	43	108	95	193	119	118	155	748	182	574	870	1091	1592	1830	2956	6534	24695	13743	17681	3466	19729	6398	15551	0
FFQ	69	0	0	0	0	0	0	12	40	38	0	1	9	9	24	15	4	6	24	80	26	107	87	158	132	83	163	731	166	557	1018	1113	1690	1987	3203	7016	26782	14412	18128	3103	18950	5592	13206	0
FFQ	70	0	0	0	0	0	0	6	43	30	0	0	13	20	27	12	7	12	28	85	23	131	84	140	97	123	157	796	191	574	1024	1129	1738	2027	3483	7388	29010	15129	18526	2653	17908	4752	11239	0
FFQ	71	0	0	0	0	0	1	3	36	19	0	1	9	7	28	19	6	12	18	72	25	129	99	113	110	138	183	783	207	556	1002	1228	1813	1995	3603	7854	32026	15506	19423	2405	16148	3852	9112	0
FFQ	72	0	0	0	0	0	0	11	41	33	0	3	10	9	35	23	6	16	22	100	26	131	84	123	120	117	173	815	224	464	1012	1254	1837	2173	3804	8511	34760	15910	19209	1987	14794	3183	7445	0
FFQ	73	0	0	0	0	0	1	4	32	15	0	2	16	7	39	8	14	12	28	108	29	134	99	121	129	142	214	839	233	449	1090	1183	1915	2209	3940	8961	37458	16767	18694	1648	13264	2510	6091	0
FFQ	74	0	0	0	0	0	0	4	45	24	0	2	9	9	31	10	7	8	21	93	21	167	91	130	127	124	229	815	249	412	1173	1294	1982	2243	4240	9259	40742	17074	17552	1393	12186	1930	4640	0
FFQ	75	0	0	0	0	0	1	5	57	19	0	4	14	5	21	10	7	6	21	89	21	161	88	89	139	158	247	780	275	378	1168	1298	1946	2338	4295	9901	42707	18041	16949	1203	10741	1492	3584	0
FFQ	76	0	0	0	0	0	1	10	56	33	0	4	24	8	17	11	5	9	23	92	24	158	87	83	127	168	242	760	309	381	1210	1239	2036	2373	4406	10528	45748	18360	15430	955	9374	1154	2685	0
FFQ	77	0	0	0	0	0	2	8	51	20	0	2	22	11	26	13	8	9	33	104	25	156	83	110	104	201	281	811	316	348	1290	1261	2020	2382	4518	10873	48695	18191	14343	773	8042	864	2059	0
FFQ	78	0	0	0	0	0	0	3	33	13	0	6	14	10	16	9	11	8	32	101	23	167	75	70	133	163	293	702	337	339	1294	1274	2117	2511	4733	11203	51132	18349	13198	653	6913	604	1427	0
FFQ	79	0	0	0	0	0	3	3	47	9	0	6	13	9	10	17	5	18	25	85	25	167	45	63	152	182	312	669	353	340	1341	1361	2110	2571	4870	11403	54119	18292	11863	512	5779	297	786	0
FFQ	80	0	0	0	0	0	2	3	36	5	0	8	15	9	8	4	6	9	30	90	34	181	64	41	140	191	309	628	328	292	1364	1307	2099	2357	5119	11777	56742	17652	11200	349	4669	217	493	0
FFQ	81	0	0	0	0	0	1	9	68	19	0	4	20	14	4	11	4	13	35	105	35	189	49	49	153	182	355	605	373	264	1329	1291	2164	2509	5219	11881	59472	17093	9994	265	3469	105	335	0
FFQ	82	0	0	0	0	0	1	2	42	4	0	6	14	8	13	7	14	10	37	103	51	205	44	33	137	188	413	592	406	272	1288	1346	2140	2452	5240	12125	61966	16319	9046	215	2589	82	209	0
FFQ	83	0	0	0	0	0	5	3	79	14	0	7	20	15	11	6	17	11	34	104	46	203	58	35	164	188	375	606	453	272	1371	1374	2283	2432	5449	12378	64382	15596	7470	136	1748	58	121	0
FFQ	84	0	0	0	0	0	2	5	48	2	0	6	24	12	14	4	18	12	38	76	48	218	37	35	179	200	414	567	479	239	1277	1292	2271	2450	5505	12716	66360	14836	6686	84	1191	34	70	0
FFQ	85	0	0	0	0	0	2	3	61	5	0	10	18	8	7	11	17	18	25	79	46	219	42	23	157	237	438	489	475	271	1367	1343	2171	2476	5613	13014	67869	14074	5842	65	782	15	46	0
FFQ	86	0	0	0	0	0	0	1	46	4	0	7	24	11	5	8	15	11	32	103	55	212	37	28	184	210	457	461	492	211	1411	1295	2269	2566	5711	13175	69663	13449	4495	37	539	12	23	0
FFQ	87	0	0	0	0	0	4	3	90	6	0	19	16	11	5	11	19	9	34	105	76	196	31	18	187	240	469	423	496	217	1386	1236	2203	2457	5782	13320	71442	12604	3668	24	323	3	15	0
FFQ	88	0	0	0	0	0	5	3	50	5	0	7	16	7	4	5	18	14	33	79	68	203	27	23	205	223	475	360	539	170	1403	1276	2172	2523	5826	13303	72950	11944	2907	15	211	0	11	0
FFQ	89	0	0	0	0	0	1	1	49	1	0	7	15	12	1	5	19	10	33	100	61	171	26	16	168	258	500	323	620	198	1436	1273	2208	2572	5874	13314	73888	11539	2143	12	137	0	3	0
FFQ	90	0	0	0	0	0	1	1	44	2	0	8	10	11	1	5	24	13	45	97	65	203	18	18	190	292	506	310	534	141	1335	1235	2193	2508	5969	13301	75149	10909	1671	6	98	0	0	0
FFQ	91	0	0	0	0	0	0	2	50	1	0	11	13	16	3	3	26	18	29	104	77	204	15	16	195	306	514	232	631	136	1304	1274	2172	2464	5948	13262	75801	10552	1384	3	52	1	0	0
FFQ	92	0	0	0	0	0	4	2	49	3	0	7	6	10	2	5	20	5	38	90	70	205	11	15	222	286	517	269	588	145	1355	1312	2165	2492	6003	13395	76565	9673	1153	2	32	0	0	0
FFQ	93	0	0	0	0	0	3	1	32	2	0	10	7	5	1	3	29	15	35	74	81	217	16	15	221	341	524	212	662	128	1407	1283	2275	2452	6319	13153	77044	9074	963	1	17	0	0	0
FFQ	94	0	0	0	0	0	4	2	41	1	0	8	11	15	1	4	28	8	49	102	73	186	15	13	185	303	524	211	685	106	1344	1310	2272	2463	6377	13249	76787	9286	838	0	8	0	0	0
FFQ	95	0	0	0	0	0	5	0	46	3	0	10	4	5	14	2	26	17	48	85	91	172	11	18	224	293	528	164	695	80	1396	1265	2223	2515	6367	13149	77764	8468	701	1	2	0	0	0
FFQ	96	0	0	0	0	0	6	2	42	2	0	14	4	0	12	4	21	12	41	79	90	185	6	8	210	290	527	125	695	78	1433	1262	2194	2413	6403	13142	78463	7976	546	0	1	0	0	0
FFQ	97	0	0	0	0	0	6	1	35	0	0	15	1	0	10	4	30	14	31	110	99	171	4	16	166	309	577	93	707	82	1433	1126	2218	2416	6156	13470	78371	8002	475	0	0	0	0	0
FFQ	98	0	0	0	0	0	0	0	15	1	0	4	2	1	8	2	26	10	38	78	104	167	2	10	182	312	560	124	688	52	1480	1159	2082	2423	6117	13396	78468	8093	437	0	0	0	0	0
FFQ	99	0	0	0	0	0	0	0	0	0	0	0	0	0	0	0	23	9	31	93	99	149	2	17	212	332	535	77	686	45	1425	1185	2218	2305	6067	13553	78651	7842	338	0	0	0	0	0
FFQ	100	0	0	0	0	0	0	0	0	0	0	0	0	0	0	0	0	0	0	0	0	164	3	19	203	350	518	55	750	54	1349	1166	2125	2355	6421	13066	78841	7704	295	0	0	0	0	0
# Last Fragment Qualities. Use `grep ^LFQ | cut -f 2-` to extract this part.
# Columns correspond to qualities and rows to cycles. First column is the cycle number.
LFQ	1	0	0	0	0	0	0	0	0	0	0	215	0	0	0	0	0	897	0	1	46	0	0	69	461	2	1637	1198	1481	3033	23	8609	46558	0	14995	40983	0	0	0	0	0	0	0	0
LFQ	2	0	0	0	0	0	0	0	1	0	0	377	0	0	0	0	1	614	0	0	4	0	0	131	449	0	1009	1266	1740	2270	34	7205	42095	0	11073	51939	0	0	0	0	0	0	0	0
LFQ	3	0	0	0	0	0	0	0	1	0	0	492	0	0	0	0	0	705	0	0	0	0	0	247	515	0	1013	1547	2640	2090	26	7319	43867	0	6891	52855	0	0	0	0	0	0	0	0
LFQ	4	0	0	0	0	0	0	0	1	0	0	566	0	0	0	0	0	429	11	0	339	0	0	204	0	0	506	699	80	1482	7	1764	55	3331	4849	0	32069	0	73816	0	0	0	0	0
LFQ	5	0	0	0	0	0	0	0	0	0	0	501	0	0	0	0	0	353	9	0	329	0	0	208	2	0	480	623	91	1373	7	1510	28	3277	4718	0	32955	0	73744	0	0	0	0	0
LFQ	6	0	0	0	0	0	0	0	0	40	0	87	26	0	0	0	34	56	219	44	58	0	29	22	134	0	327	353	132	846	276	1134	568	3220	3505	1	29687	3189	76221	0	0	0	0	0
LFQ	7	0	0	0	0	0	0	0	0	33	0	90	29	0	0	0	22	49	164	52	48	0	32	19	167	0	317	335	139	554	236	1111	425	2554	2868	1	27622	3046	80295	0	0	0	0	0
LFQ	8	0	0	0	0	0	0	0	1	8	0	61	34	0	0	0	25	35	93	33	63	0	25	19	106	0	282	305	164	335	255	1099	336	2078	2589	0	24803	2824	84635	0	0	0	0	0
LFQ	9	0	0	0	0	0	0	0	0	10	0	61	29	0	0	0	12	37	83	54	55	0	17	19	138	1	277	114	447	230	274	1106	185	1705	1810	1158	6656	13	13327	8730	83660	0	0	0
LFQ	10	0	0	0	0	0	0	0	0	13	0	84	22	0	0	0	8	31	82	52	88	0	21	15	146	2	271	130	485	193	305	1100	139	1699	1907	1118	6556	10	12922	8930	83879	0	0	0
LFQ	11	0	0	0	0	0	0	0	0	12	0	72	37	0	0	0	7	18	104	43	98	0	13	18	102	1	267	97	603	125	299	1140	115	1638	1878	1148	6458	15	12816	8861	84223	0	0	0
LFQ	12	0	0	0	0	0	0	0	0	8	1	60	49	0	0	0	3	29	95	40	93	0	4	14	126	0	289	100	643	71	325	1073	103	1710	1877	1059	6399	19	12797	8929	84292	0	0	0
LFQ	13	0	0	0	0	0	0	0	0	10	1	66	37	0	0	0	5	29	92	48	94	1	13	11	123	2	259	109	667	50	324	1149	124	1789	1878	1042	6560	12	12799	8954	83960	0	0	0
LFQ	14	0	0	0	0	0	0	0	0	8	1	82	31	0	0	0	1	29	113	41	99	0	10	16	28	111	282	106	695	46	288	481	739	1203	1950	1297	1083	4092	3501	10798	8304	25494	59279	0
LFQ	15	0	0	0	0	0	0	0	0	9	1	71	31	0	1	0	1	33	98	51	80	0	15	27	23	109	313	127	652	55	318	476	817	1224	1829	1352	1037	3953	3553	10716	8310	25256	59670	0
LFQ	16	0	0	0	0	0	0	0	0	10	1	70	34	0	0	0	1	40	100	53	77	0	18	20	37	98	279	128	722	57	296	503	789	1173	2009	1372	1107	4135	3567	10700	8254	25462	59096	0
LFQ	17	0	0	0	0	0	0	0	0	16	2	67	33	0	0	0	2	30	97	64	66	0	15	12	36	108	252	98	658	54	321	500	743	1181	1824	1282	1046	4088	3707	10748	8454	25146	59558	0
LFQ	18	0	0	0	0	0	0	0	0	11	1	93	35	0	0	0	0	43	96	61	85	1	23	15	38	146	261	126	703	69	314	497	749	1170	1912	1304	1094	4077	3488	10779	8324	25556	59137	0
LFQ	19	0	0	0	0	0	0	0	0	13	5	80	29	0	0	0	1	29	10	142	79	0	19	18	41	126	288	133	667	55	330	574	776	1191	1135	2051	1106	3422	3465	8495	9911	25872	60145	0
LFQ	20	0	0	0	0	0	0	0	0	11	6	72	34	0	0	0	5	50	13	118	84	0	15	21	46	108	257	116	665	52	297	475	764	1171	1093	1980	1143	3449	3415	8136	9928	25875	60809	0
LFQ	21	0	0	0	0	0	0	0	0	22	3	73	45	0	0	0	1	48	22	135	91	0	10	15	46	124	315	128	703	50	319	582	809	1169	1162	2139	1135	3651	3494	8436	10037	25714	59730	0
LFQ	22	0	0	0	0	0	0	0	0	16	6	82	29	0	0	0	2	49	18	132	79	1	17	16	59	133	270	129	629	72	342	566	784	1133	1163	2134	1218	3593	3673	8769	10540	25518	59036	0
LFQ	23	0	0	0	0	0	0	0	1	17	7	82	18	0	0	0	2	48	26	124	94	0	16	18	58	163	254	135	629	68	334	579	825	1114	1137	2033	1199	3498	3615	8697	10829	25680	58908	0
LFQ	24	0	0	0	0	0	0	1	0	17	9	75	16	0	0	2	7	53	17	101	84	0	16	30	74	186	254	128	640	51	324	612	817	1094	1197	2035	1313	3438	3710	8794	10151	24600	60362	0
LFQ	25	0	0	0	0	0	0	0	1	23	7	67	20	1	0	0	7	47	22	106	72	0	19	22	60	193	214	96	609	49	287	648	796	1102	1129	2125	1314	3467	3605	8909	10103	24366	60722	0
LFQ	26	0	0	0	0	0	1	1	0	26	28	78	24	0	0	0	15	50	48	112	91	2	17	20	64	227	223	110	569	60	308	689	791	1067	1181	2034	1337	3476	3589	9072	10175	24605	60118	0
LFQ	27	0	0	0	0	0	0	2	0	25	35	98	13	1	0	0	12	70	56	75	90	1	18	20	75	245	238	108	607	67	290	759	771	1037	1170	1986	1341	3552	3606	9207	9689	25047	59897	0
LFQ	28	0	0	0	0	0	0	1	0	18	27	63	10	0	2	1	17	82	60	73	73	2	20	18	82	255	222	116	571	52	312	770	808	1011	1261	2087	1435	3519	3681	9273	9556	25463	59267	0
LFQ	29	0	0	0	0	0	0	0	1	33	33	64	6	0	0	0	18	74	37	69	97	0	20	21	85	278	233	126	533	57	317	842	783	958	1213	1923	1544	3506	3688	9518	9363	25622	59146	0
LFQ	30	0	0	0	0	0	0	0	0	30	52	47	7	0	0	0	26	93	46	63	78	1	31	18	80	270	245	121	527	73	298	880	769	918	1272	2006	1599	3452	3596	9717	9113	26321	58459	0
LFQ	31	0	0	0	0	0	0	0	0	33	42	43	1	1	0	2	30	57	29	51	84	1	32	23	82	303	248	139	498	76	281	1008	793	886	1276	1962	1760	3385	3722	10110	8714	25909	58627	0
LFQ	32	0	0	0	0	0	0	0	0	51	64	47	1	0	0	0	20	87	30	42	68	1	37	12	82	321	301	128	491	77	323	1040	776	744	1333	1929	1826	3214	3614	10125	8678	25782	58964	0
LFQ	33	0	0	0	0	0	0	0	0	61	79	36	0	1	0	2	48	98	29	63	89	4	51	23	82	296	309	119	481	73	295	1056	883	762	1410	1847	2101	3287	3643	10188	8137	26409	58246	0
LFQ	34	0	0	0	0	0	0	1	2	34	71	18	0	0	4	0	49	91	13	57	93	3	32	27	99	330	345	131	459	70	328	1199	828	704	1551	1883	2312	3183	3725	10503	8150	25935	57978	0
LFQ	35	0	0	0	0	0	0	0	1	37	92	9	0	1	2	2	71	77	17	57	91	2	45	23	74	336	331	148	434	75	291	1274	849	700	1582	1844	2478	2965	3971	10745	8113	26285	57186	0
LFQ	36	0	0	0	0	0	0	2	2	49	66	3	1	0	0	1	58	74	10	51	88	7	54	32	89	353	304	156	442	72	294	1199	925	677	1590	1715	2709	2795	3929	10878	8210	26221	57152	0
LFQ	37	0	0	0	0	0	0	0	2	46	68	4	0	0	5	6	60	66	5	55	87	2	56	32	88	372	306	169	414	114	330	1264	854	675	1634	1677	2656	2826	3835	10845	8096	26269	57290	0
LFQ	38	0	0	0	0	0	0	1	5	45	80	1	0	2	3	3	50	57	7	46	78	5	34	46	104	325	278	150	367	132	304	1252	844	624	1702	1591	2780	2571	3935	10822	7887	26196	57881	0
LFQ	39	0	0	0	0	0	0	1	7	42	84	1	0	1	3	8	61	51	6	49	90	2	51	32	111	362	264	183	416	124	320	1214	811	639	1714	1543	2926	2533	3994	10318	8201	26354	57692	0
LFQ	40	0	0	0	0	0	0	1	5	38	87	0	1	3	4	5	72	53	5	47	81	3	60	33	95	371	252	167	387	149	330	1233	883	664	1914	1504	2921	2588	3891	10309	8327	26423	57302	0
LFQ	41	0	0	0	0	0	0	3	5	36	66	0	0	4	4	8	80	48	6	52	74	8	58	38	124	333	234	190	405	164	360	1189	960	658	1903	1532	3056	2554	3919	10611	8092	26957	56477	0
LFQ	42	0	0	0	0	0	0	3	11	32	68	1	0	8	6	7	81	36	4	51	87	21	75	56	147	375	238	200	425	182	333	1261	983	687	1926	1492	3123	2611	4175	10646	8221	27232	55404	0
LFQ	43	0	0	0	0	0	0	2	10	41	79	0	0	4	2	7	71	17	5	46	81	13	72	67	138	354	181	191	400	210	332	1171	1005	726	2130	1484	3109	2645	4205	10748	8608	26826	55228	0
LFQ	44	0	0	0	0	0	0	5	22	38	81	0	0	8	12	18	92	31	12	49	82	9	59	67	133	341	178	218	384	220	334	1173	850	733	2101	1434	3228	2588	4455	10709	8335	26676	55533	0
LFQ	45	0	0	0	0	0	0	1	17	30	56	0	0	2	13	20	63	27	8	39	87	14	78	63	140	309	186	258	390	290	362	1023	966	732	2130	1446	3205	2667	4512	10908	8528	27443	54195	0
LFQ	46	0	0	0	0	0	0	13	32	70	99	0	0	7	13	18	80	24	18	72	103	16	62	69	179	366	137	253	370	291	368	994	1055	823	2184	1548	3043	2704	4542	10904	8513	27469	53769	0
LFQ	47	0	0	0	0	0	0	6	18	43	89	0	2	9	21	20	64	21	23	55	94	20	80	81	177	332	123	256	384	374	369	953	1100	880	2139	1641	3087	2712	4592	10610	8850	27329	53654	0
LFQ	48	0	0	0	0	0	0	6	14	36	43	0	0	7	21	27	65	14	14	47	90	28	74	92	243	304	129	267	369	416	344	866	1074	872	2130	1724	3069	2884	4760	10621	9243	27219	53096	0
LFQ	49	0	0	0	0	0	0	16	17	55	68	0	1	11	18	36	50	17	16	54	93	29	65	85	217	298	115	285	400	422	385	840	1188	902	2060	1773	2912	3091	4779	9517	10367	27121	52905	0
LFQ	50	0	0	0	0	0	0	9	16	41	52	0	3	12	14	30	56	16	12	44	83	51	83	94	205	313	91	355	409	457	407	800	1123	946	2066	1905	3007	3211	5007	9486	10610	26540	52654	0
LFQ	51	0	0	0	0	0	0	22	20	41	39	0	0	18	28	22	59	20	13	55	96	47	63	120	216	272	90	351	369	512	408	706	1096	1062	2080	1905	3096	3452	5245	9364	11261	25974	52006	0
LFQ	52	0	0	0	0	0	0	15	17	41	45	1	2	12	28	23	38	12	18	61	96	52	75	134	231	264	70	355	326	548	392	765	1215	1006	2025	2071	3109	3767	5302	9320	11620	25521	51473	0
LFQ	53	0	0	0	0	0	0	13	21	50	38	0	0	5	41	28	24	13	18	42	108	48	92	132	242	235	66	414	320	669	436	724	1240	1095	1942	2185	3277	3861	5651	9178	11747	25263	50748	0
LFQ	54	0	0	0	0	0	0	8	32	58	36	0	0	9	33	31	19	15	19	46	111	46	91	146	255	242	74	469	316	676	462	674	1326	1185	2058	2317	3439	4042	6422	9328	12216	24520	49150	0
LFQ	55	0	0	0	0	0	0	22	34	78	40	0	2	17	50	35	28	18	27	78	78	58	99	169	280	163	185	487	326	724	450	632	1379	1201	1883	2556	3664	4414	6594	9334	12783	23942	47950	0
LFQ	56	0	0	0	0	0	0	8	22	46	32	0	2	5	38	43	28	19	12	61	80	50	77	208	238	134	138	502	287	781	510	666	1373	1230	1890	2717	4037	4658	7493	9162	13313	23182	46648	0
LFQ	57	0	0	0	0	0	0	23	31	88	43	0	7	16	48	36	18	13	17	64	95	48	69	180	254	147	146	523	300	729	515	580	1484	1334	1922	2832	4257	5002	7808	8887	14139	22439	45476	0
LFQ	58	0	0	0	0	0	0	13	20	59	9	0	4	10	39	44	10	8	26	71	86	75	82	187	239	125	170	556	262	751	533	608	1457	1350	1890	2930	4768	5459	8193	8753	14641	21843	44216	0
LFQ	59	0	0	0	0	0	0	18	21	67	10	0	2	5	38	29	6	20	13	83	73	65	75	181	242	107	152	590	290	770	549	598	1487	1415	1866	3415	5440	5931	8347	8462	15419	21226	42377	0
LFQ	60	0	0	0	0	0	0	20	39	83	19	0	6	16	50	26	11	12	18	78	76	77	76	189	241	87	140	577	252	816	640	550	1497	1465	1891	3699	6160	6826	8665	8479	15801	20355	40349	0
LFQ	61	0	0	0	0	0	1	9	27	68	15	1	6	12	44	45	14	10	16	86	89	74	103	221	201	105	145	672	273	753	671	572	1600	1554	1952	3901	7020	7137	9911	8060	15942	19249	38632	0
LFQ	62	0	0	0	0	0	0	12	30	59	8	0	7	10	44	33	9	14	15	67	69	75	75	243	185	86	147	653	225	842	667	679	1659	1578	2002	3889	7768	7596	10614	7634	16991	18546	36560	0
LFQ	63	0	0	0	0	0	1	17	22	73	7	0	4	5	42	21	2	22	15	80	94	96	71	256	175	91	121	670	240	811	687	767	1625	1573	2148	4125	9182	8080	11288	7553	17294	17348	34365	0
LFQ	64	0	0	0	0	0	0	15	25	94	4	1	6	6	55	25	4	18	19	86	72	83	78	254	184	79	166	755	212	896	741	777	1670	1704	2235	4309	9963	8685	12061	7213	18568	15871	31948	0
LFQ	65	0	0	0	0	0	0	9	25	61	2	0	7	10	56	34	2	24	20	79	55	89	82	264	162	72	155	773	211	897	800	799	1758	1770	2303	4714	11314	9009	13083	6731	19697	14313	29399	0
LFQ	66	0	0	0	0	0	0	11	34	52	2	0	3	12	43	22	3	20	14	92	55	118	116	270	140	88	137	815	221	820	837	923	1646	1900	2378	5130	12880	10109	13746	6218	20567	12906	26352	0
LFQ	67	0	0	0	0	0	1	12	33	57	0	0	8	9	36	23	3	11	17	97	54	119	105	228	138	95	154	850	240	745	950	956	1658	1896	2484	5573	14296	10776	14840	5904	20814	11609	23780	0
LFQ	68	0	0	0	0	0	1	7	32	47	0	0	10	9	47	21	2	12	23	112	42	91	99	237	146	93	175	827	207	778	955	1011	1781	1922	2732	5676	16211	11117	15822	5263	20618	10461	21892	0
LFQ	69	0	0	0	0	0	0	19	38	58	0	2	8	11	41	34	5	15	25	103	55	122	103	235	152	124	170	914	226	752	1017	1111	1925	2014	3058	5988	17558	12363	16873	4900	19585	9386	19398	0
LFQ	70	0	0	0	0	0	0	8	38	52	0	1	5	10	39	21	2	15	34	101	37	106	103	246	130	132	178	921	228	732	1047	1280	1926	2164	3233	6492	19878	13133	17327	4414	19353	8156	16746	0
LFQ	71	0	0	0	0	0	1	13	65	84	0	2	18	4	40	23	1	11	25	109	40	109	104	229	113	129	169	999	226	685	1068	1214	2025	2170	3275	7151	21891	14335	17596	3931	18879	7222	14229	0
LFQ	72	0	0	0	0	0	3	13	62	66	0	2	15	15	60	25	4	10	19	126	47	136	121	230	133	139	206	933	230	674	1157	1228	1990	2261	3384	7270	23628	15608	18410	3460	17885	6201	12318	0
LFQ	73	0	0	0	0	0	0	5	46	39	0	1	17	9	50	15	0	14	20	136	24	135	107	200	121	164	243	1040	244	635	1230	1329	2032	2386	3470	8128	26281	15731	18345	3155	17212	5054	10348	0
LFQ	74	0	0	0	0	0	1	10	54	30	0	5	11	13	30	25	4	12	29	112	31	148	103	184	114	132	230	956	230	602	1284	1338	2055	2433	3360	8806	28310	16728	18698	2813	16092	4284	8592	0
LFQ	75	0	0	0	0	0	0	16	79	52	0	3	16	8	36	14	3	14	18	128	36	168	95	158	130	143	249	947	225	561	1361	1360	2153	2345	3642	9121	30374	17354	19042	2267	15002	3579	7047	0
LFQ	76	0	0	0	0	0	0	8	44	30	0	3	16	10	37	16	2	9	23	131	23	159	101	143	110	194	249	965	245	594	1421	1324	2172	2392	3806	9566	33300	17854	18585	1957	13760	2758	5631	0
LFQ	77	0	0	0	0	0	1	14	79	48	0	3	26	12	27	20	9	9	19	140	36	171	105	138	140	161	280	909	292	502	1460	1339	2215	2502	4027	10209	36260	18006	17654	1746	12332	2250	4370	0
LFQ	78	0	0	0	0	0	2	2	51	19	0	5	11	13	38	14	6	16	25	114	34	212	97	124	130	189	256	948	320	501	1456	1370	2179	2550	4431	10365	39192	18320	16721	1442	11015	1780	3458	0
LFQ	79	0	0	0	0	0	5	12	78	37	0	4	29	13	27	23	8	12	25	128	18	216	97	121	154	198	290	896	369	445	1505	1447	2370	2480	4720	10790	41600	18484	15946	1139	9675	1287	2654	0
LFQ	80	0	0	0	0	0	0	3	44	18	0	0	14	12	24	16	13	11	27	104	24	213	108	117	154	198	297	921	369	461	1502	1421	2347	2608	4828	11406	44028	18613	15021	976	8420	952	1931	0
LFQ	81	0	0	0	0	0	1	7	60	24	0	10	15	9	18	14	7	12	24	133	24	191	77	81	152	184	317	923	363	429	1594	1419	2306	2669	5245	11426	46971	18329	14198	776	7149	652	1279	0
LFQ	82	0	0	0	0	0	6	17	110	30	0	8	35	14	30	12	10	18	29	126	30	233	85	68	168	178	366	875	374	407	1573	1393	2369	2597	5278	11919	49335	18171	13439	612	5775	432	843	0
LFQ	83	0	0	0	0	0	1	7	38	13	0	7	15	16	22	16	13	12	30	139	26	261	93	74	166	180	419	816	387	416	1619	1388	2399	2619	5198	12413	52131	18061	11803	466	4740	277	580	0
LFQ	84	0	0	0	0	0	1	5	56	19	0	7	18	12	13	16	12	14	32	138	28	225	65	65	145	231	400	787	411	377	1630	1453	2436	2747	5414	12585	54061	18091	10464	402	3836	187	351	0
LFQ	85	0	0	0	0	0	2	6	58	9	0	7	15	13	13	18	10	12	30	117	37	275	63	67	173	252	402	780	398	328	1667	1345	2547	2738	5482	13199	55858	17825	9193	249	3067	120	249	0
LFQ	86	0	0	0	0	0	7	8	90	13	0	5	29	18	20	14	18	14	28	127	38	239	64	34	157	235	450	710	438	311	1669	1333	2364	2747	5333	13598	58574	17192	7966	185	2313	57	120	0
LFQ	87	0	0	0	0	0	0	6	58	6	0	6	31	12	10	15	17	14	30	112	42	269	77	34	179	243	475	713	483	335	1609	1321	2434	2800	5723	13409	60570	16597	6960	124	1614	29	63	0
LFQ	88	0	0	0	0	0	3	5	41	6	0	8	17	10	4	9	25	13	40	120	37	244	49	33	189	251	434	635	474	324	1603	1397	2492	2833	5717	13749	62301	16300	5772	77	1060	15	33	0
LFQ	89	0	0	0	0	0	1	4	38	0	0	6	12	5	3	8	14	14	32	120	53	224	41	30	201	256	462	574	506	293	1556	1425	2436	2771	5823	13837	64477	15267	4946	47	691	10	18	0
LFQ	90	0	0	0	0	0	1	7	52	4	0	13	16	16	4	12	21	9	39	95	54	217	27	36	193	277	491	566	548	290	1580	1437	2401	2773	6178	13552	65676	14790	4187	39	478	2	2	0
LFQ	91	0	0	0	0	0	3	3	45	3	0	10	10	10	2	6	19	15	43	107	44	233	34	19	180	291	541	495	603	242	1600	1358	2387	2903	6181	13811	66451	14626	3372	26	320	0	3	0
LFQ	92	0	0	0	0	0	2	1	39	2	0	9	7	12	4	10	20	16	36	108	56	201	25	20	182	270	536	431	578	244	1602	1328	2478	2778	6072	14105	68106	13637	2791	11	176	0	1	0
LFQ	93	0	0	0	0	0	2	1	38	1	0	9	9	10	2	12	20	10	37	123	74	221	26	21	201	288	558	418	603	227	1544	1373	2304	2850	6314	14240	68902	12992	2242	12	82	0	0	0
LFQ	94	0	0	0	0	0	2	1	50	1	0	16	11	19	2	6	23	13	34	103	74	215	16	16	193	279	593	361	569	198	1625	1320	2520	2726	6028	14520	69370	12869	1809	2	51	0	0	0
LFQ	95	0	0	0	0	0	11	2	81	2	0	18	15	5	7	4	26	14	42	108	63	208	11	14	223	287	598	348	611	150	1669	1218	2372	2780	5899	14502	70948	11896	1322	1	32	0	0	0
LFQ	96	0	0	0	0	0	3	1	27	1	0	16	10	7	11	2	31	10	33	114	84	211	12	14	200	317	624	297	622	180	1606	1189	2378	2734	6053	14618	71580	11240	1119	1	9	0	0	0
LFQ	97	0	0	0	0	0	3	3	74	3	2	19	9	2	10	2	31	15	42	113	99	212	14	21	203	291	679	207	686	129	1628	1215	2363	2712	5922	14887	71556	11115	926	0	3	0	0	0
LFQ	98	0	0	0	0	0	3	0	28	1	0	9	6	5	9	2	27	12	39	119	110	193	5	12	189	280	702	211	646	135	1609	1185	2432	2734	5879	15046	72113	10437	813	0	3	0	0	0
LFQ	99	0	0	0	0	0	0	0	0	0	0	0	0	0	1	2	18	8	27	100	82	177	8	15	226	317	630	193	670	103	1527	1166	2358	2720	6417	14502	73016	9988	594	0	1	0	0	0
LFQ	100	0	0	0	0	0	0	0	0	0	0	0	0	0	0	0	0	0	0	0	0	204	10	13	208	333	611	185	694	127	1604	1207	2399	2635	6550	14433	72832	9937	455	0	0	0	0	0
# GC Content of first fragments. Use `grep ^GCF | cut -f 2-` to extract this part.
GCF	6.78	0
GCF	14.07	1
GCF	15.58	0
GCF	17.59	4
GCF	19.10	11
GCF	19.85	15
GCF	20.35	16
GCF	21.11	17
GCF	21.86	23
GCF	22.36	22
GCF	22.86	57
GCF	23.37	58
GCF	23.87	113
GCF	24.37	114
GCF	24.87	139
GCF	25.38	141
GCF	25.88	196
GCF	26.38	200
GCF	26.88	457
GCF	27.39	462
GCF	27.89	561
GCF	28.39	559
GCF	28.89	771
GCF	29.40	781
GCF	29.90	960
GCF	30.40	973
GCF	30.90	1242
GCF	31.41	1250
GCF	31.91	1845
GCF	32.41	1861
GCF	32.91	2870
GCF	33.42	2890
GCF	33.92	3428
GCF	34.42	3438
GCF	34.92	4322
GCF	35.43	4339
GCF	35.93	4659
GCF	36.43	4668
GCF	36.93	6239
GCF	37.44	6268
GCF	37.94	7927
GCF	38.44	7936
GCF	38.94	8712
GCF	39.45	8750
GCF	39.95	9522
GCF	40.45	9538
GCF	40.95	9432
GCF	41.46	9414
GCF	41.96	9220
GCF	42.46	9219
GCF	42.96	8971
GCF	43.47	8968
GCF	43.97	7998
GCF	44.47	8002
GCF	44.97	6910
GCF	45.48	6906
GCF	45.98	5827
GCF	46.48	5825
GCF	46.98	4696
GCF	47.49	4719
GCF	47.99	3855
GCF	48.49	3818
GCF	48.99	3705
GCF	49.50	3660
GCF	50.00	2005
GCF	50.50	1968
GCF	51.01	1993
GCF	51.51	1968
GCF	52.01	1041
GCF	52.51	1000
GCF	53.02	750
GCF	53.52	735
GCF	54.02	482
GCF	54.52	485
GCF	55.03	235
GCF	55.53	221
GCF	56.03	169
GCF	56.53	159
GCF	57.04	137
GCF	57.54	134
GCF	58.04	86
GCF	58.54	84
GCF	59.05	81
GCF	59.55	76
GCF	60.05	42
GCF	60.55	35
GCF	61.06	21
GCF	61.56	20
GCF	62.06	15
GCF	62.56	16
GCF	63.07	7
GCF	63.82	5
GCF	64.57	6
GCF	65.08	4
GCF	65.83	2
GCF	66.83	1
GCF	67.59	2
GCF	68.34	1
# GC Content of last fragments. Use `grep ^GCL | cut -f 2-` to extract this part.
GCL	6.28	0
GCL	13.07	1
GCL	14.32	0
GCL	15.33	1
GCL	16.08	4
GCL	16.83	5
GCL	17.34	4
GCL	18.09	11
GCL	19.10	13
GCL	20.35	16
GCL	21.36	19
GCL	21.86	54
GCL	22.36	51
GCL	22.86	91
GCL	23.37	93
GCL	23.87	179
GCL	24.37	175
GCL	24.87	306
GCL	25.38	311
GCL	25.88	437
GCL	26.38	431
GCL	26.88	470
GCL	27.39	472
GCL	27.89	584
GCL	28.39	600
GCL	29.15	843
GCL	29.90	1148
GCL	30.40	1169
GCL	30.90	1538
GCL	31.41	1545
GCL	31.91	2282
GCL	32.41	2296
GCL	32.91	2866
GCL	33.42	2880
GCL	33.92	3702
GCL	34.42	3733
GCL	34.92	4558
GCL	35.43	4560
GCL	35.93	5624
GCL	36.43	5644
GCL	36.93	6365
GCL	37.44	6395
GCL	37.94	7824
GCL	38.44	7872
GCL	38.94	9662
GCL	39.45	9685
GCL	39.95	10627
GCL	40.45	10633
GCL	40.95	10475
GCL	41.46	10456
GCL	41.96	9356
GCL	42.46	9404
GCL	42.96	9065
GCL	43.47	9036
GCL	43.97	7925
GCL	44.47	7900
GCL	44.97	6575
GCL	45.48	6559
GCL	45.98	4869
GCL	46.48	4827
GCL	46.98	3837
GCL	47.49	3828
GCL	47.99	3313
GCL	48.49	3263
GCL	48.99	2508
GCL	49.50	2446
GCL	50.00	1650
GCL	50.50	1627
GCL	51.01	994
GCL	51.51	986
GCL	52.01	817
GCL	52.51	794
GCL	53.02	585
GCL	53.52	589
GCL	54.02	326
GCL	54.52	320
GCL	55.03	197
GCL	55.53	186
GCL	56.03	139
GCL	56.53	135
GCL	57.04	108
GCL	57.79	101
GCL	58.54	98
GCL	59.05	56
GCL	59.55	49
GCL	60.05	26
GCL	60.55	19
GCL	61.31	12
GCL	62.06	10
GCL	62.56	8
GCL	63.07	7
GCL	63.57	4
GCL	64.07	5
GCL	64.57	2
GCL	65.08	1
GCL	65.58	2
GCL	67.34	1
# ACGT content per cycle. Use `grep ^GCC | cut -f 2-` to extract this part. The columns are: cycle; A,C,G,T base counts as a percentage of all A/C/G/T bases [%]; and N and O counts as a percentage of all A/C/G/T bases [%]
GCC	1	23.86	23.66	24.97	27.51	0.00	0.00
GCC	2	22.13	27.12	25.37	25.37	0.00	0.00
GCC	3	23.77	25.22	23.66	27.35	0.00	0.00
GCC	4	22.23	26.66	25.81	25.30	0.00	0.00
GCC	5	20.97	27.84	26.83	24.35	0.00	0.00
GCC	6	24.36	23.93	23.90	27.82	0.00	0.00
GCC	7	28.80	18.55	19.43	33.22	0.00	0.00
GCC	8	30.17	19.49	17.79	32.55	0.00	0.00
GCC	9	30.35	19.17	17.71	32.77	0.00	0.00
GCC	10	29.66	20.19	18.60	31.55	0.00	0.00
GCC	11	28.37	21.08	20.21	30.34	0.00	0.00
GCC	12	29.72	19.17	19.19	31.92	0.00	0.00
GCC	13	28.70	20.22	19.58	31.50	0.00	0.00
GCC	14	28.03	21.60	19.83	30.54	0.00	0.00
GCC	15	29.87	19.61	19.29	31.23	0.00	0.00
GCC	16	28.95	20.36	19.83	30.86	0.00	0.00
GCC	17	28.65	21.13	20.04	30.18	0.00	0.00
GCC	18	30.28	18.87	18.68	32.17	0.00	0.00
GCC	19	30.13	19.19	19.82	30.86	0.00	0.00
GCC	20	29.20	20.67	20.66	29.47	0.00	0.00
GCC	21	31.11	18.92	17.96	32.01	0.00	0.00
GCC	22	29.32	19.59	19.31	31.78	0.00	0.00
GCC	23	28.63	20.68	20.08	30.60	0.00	0.00
GCC	24	29.91	19.34	18.27	32.47	0.00	0.00
GCC	25	29.20	19.95	19.13	31.72	0.00	0.00
GCC	26	28.83	20.87	19.83	30.47	0.00	0.00
GCC	27	31.25	18.75	19.08	30.92	0.00	0.00
GCC	28	29.41	19.90	19.23	31.46	0.00	0.00
GCC	29	27.36	22.08	20.74	29.82	0.00	0.00
GCC	30	29.21	19.32	19.40	32.07	0.00	0.00
GCC	31	28.53	20.46	20.91	30.10	0.00	0.00
GCC	32	28.06	21.84	20.46	29.63	0.00	0.00
GCC	33	30.42	18.97	19.40	31.21	0.00	0.00
GCC	34	29.22	19.67	19.86	31.26	0.00	0.00
GCC	35	28.17	21.54	20.22	30.08	0.00	0.00
GCC	36	30.51	18.97	19.32	31.20	0.00	0.00
GCC	37	29.12	20.34	19.66	30.89	0.00	0.00
GCC	38	28.15	21.65	20.48	29.72	0.00	0.00
GCC	39	29.63	19.43	20.11	30.83	0.00	0.00
GCC	40	28.93	20.22	20.17	30.68	0.00	0.00
GCC	41	28.40	21.58	20.26	29.76	0.00	0.00
GCC	42	30.71	19.49	18.93	30.86	0.00	0.00
GCC	43	29.11	20.54	19.94	30.40	0.00	0.00
GCC	44	28.11	21.92	20.50	29.46	0.00	0.00
GCC	45	29.89	19.46	19.55	31.10	0.00	0.00
GCC	46	28.92	19.55	20.45	31.08	0.00	0.00
GCC	47	27.78	21.69	20.56	29.97	0.00	0.00
GCC	48	30.21	18.59	19.44	31.76	0.00	0.00
GCC	49	28.81	20.23	20.12	30.84	0.00	0.00
GCC	50	27.69	21.29	21.52	29.50	0.00	0.00
GCC	51	29.90	19.72	19.60	30.78	0.00	0.00
GCC	52	28.98	20.31	20.22	30.48	0.00	0.00
GCC	53	27.44	21.42	20.69	30.45	0.00	0.00
GCC	54	29.49	19.43	19.23	31.85	0.00	0.00
GCC	55	28.99	20.28	20.46	30.27	0.00	0.00
GCC	56	28.05	21.18	20.57	30.20	0.00	0.00
GCC	57	30.45	19.49	18.89	31.17	0.00	0.00
GCC	58	29.52	20.01	20.66	29.80	0.00	0.00
GCC	59	27.78	21.35	21.51	29.36	0.00	0.00
GCC	60	30.30	19.09	19.69	30.92	0.00	0.00
GCC	61	30.00	20.70	19.90	29.41	0.00	0.00
GCC	62	28.71	21.09	21.00	29.20	0.00	0.00
GCC	63	30.49	18.96	20.07	30.49	0.00	0.00
GCC	64	29.14	20.21	20.36	30.30	0.00	0.00
GCC	65	27.70	21.75	20.99	29.56	0.00	0.00
GCC	66	28.97	19.66	19.49	31.87	0.00	0.00
GCC	67	28.40	20.56	20.28	30.77	0.00	0.00
GCC	68	27.94	21.88	20.24	29.93	0.00	0.00
GCC	69	30.26	19.99	19.55	30.20	0.00	0.00
GCC	70	29.81	20.11	19.86	30.22	0.00	0.00
GCC	71	28.57	21.30	20.54	29.59	0.00	0.00
GCC	72	30.34	18.76	19.87	31.03	0.00	0.00
GCC	73	29.31	20.11	19.68	30.89	0.00	0.00
GCC	74	28.85	21.08	20.48	29.59	0.00	0.00
GCC	75	30.00	19.65	18.73	31.61	0.00	0.00
GCC	76	29.05	20.42	19.89	30.65	0.00	0.00
GCC	77	28.54	21.82	19.81	29.83	0.00	0.00
GCC	78	30.45	19.39	19.17	30.99	0.00	0.00
GCC	79	29.89	19.86	20.09	30.16	0.00	0.00
GCC	80	29.32	20.70	20.58	29.40	0.00	0.00
GCC	81	30.23	19.30	19.49	30.98	0.00	0.00
GCC	82	29.66	20.36	19.96	30.01	0.00	0.00
GCC	83	28.21	20.96	21.11	29.72	0.00	0.00
GCC	84	30.34	19.07	19.12	31.47	0.00	0.00
GCC	85	29.59	19.87	19.66	30.88	0.00	0.00
GCC	86	28.49	21.43	20.24	29.84	0.00	0.00
GCC	87	29.39	19.46	19.65	31.49	0.00	0.00
GCC	88	28.73	19.94	20.49	30.84	0.00	0.00
GCC	89	28.09	21.54	20.37	30.00	0.00	0.00
GCC	90	29.78	19.18	19.95	31.09	0.00	0.00
GCC	91	28.80	20.67	20.52	30.00	0.00	0.00
GCC	92	27.47	21.75	20.63	30.16	0.00	0.00
GCC	93	29.96	19.58	19.50	30.96	0.00	0.00
GCC	94	28.84	20.62	19.85	30.68	0.00	0.00
GCC	95	27.84	22.10	21.50	28.56	0.00	0.00
GCC	96	29.30	19.80	19.84	31.06	0.00	0.00
GCC	97	29.26	20.13	19.96	30.66	0.00	0.00
GCC	98	28.05	21.53	20.79	29.63	0.00	0.00
GCC	99	29.06	19.97	20.46	30.51	0.00	0.00
GCC	100	27.65	21.28	21.31	29.76	0.00	0.00
# ACGT content per cycle, read oriented. Use `grep ^GCT | cut -f 2-` to extract this part. The columns are: cycle; A,C,G,T base counts as a percentage of all A/C/G/T bases [%]
GCT	1	21.98	22.14	26.49	29.39
GCT	2	20.54	29.73	22.77	26.97
GCT	3	21.26	25.93	22.96	29.85
GCT	4	20.74	27.78	24.69	26.79
GCT	5	21.23	29.88	24.79	24.10
GCT	6	25.06	23.06	24.76	27.11
GCT	7	27.04	16.92	21.06	34.98
GCT	8	26.09	16.55	20.73	36.63
GCT	9	29.45	14.96	21.91	33.68
GCT	10	30.31	15.18	23.61	30.90
GCT	11	27.95	19.53	21.76	30.76
GCT	12	29.46	16.33	22.03	32.19
GCT	13	29.79	17.31	22.49	30.41
GCT	14	28.86	19.86	21.58	29.71
GCT	15	30.33	17.61	21.29	30.76
GCT	16	29.87	18.49	21.71	29.94
GCT	17	28.62	21.21	19.96	30.21
GCT	18	30.80	17.60	19.95	31.65
GCT	19	30.19	18.40	20.61	30.80
GCT	20	27.78	21.32	20.01	30.89
GCT	21	30.55	17.78	19.10	32.57
GCT	22	30.31	18.93	19.97	30.79
GCT	23	28.80	21.79	18.97	30.44
GCT	24	30.03	17.84	19.77	32.35
GCT	25	29.67	18.15	20.93	31.25
GCT	26	28.93	21.47	19.23	30.36
GCT	27	30.54	18.29	19.54	31.63
GCT	28	30.29	18.97	20.16	30.58
GCT	29	28.44	22.60	20.23	28.73
GCT	30	31.20	19.36	19.36	30.08
GCT	31	29.52	20.21	21.16	29.11
GCT	32	28.26	21.91	20.39	29.44
GCT	33	30.98	18.44	19.93	30.65
GCT	34	31.00	18.36	21.16	29.47
GCT	35	28.98	22.22	19.54	29.26
GCT	36	30.99	19.13	19.16	30.73
GCT	37	30.48	19.13	20.86	29.53
GCT	38	29.02	22.17	19.96	28.85
GCT	39	30.35	19.85	19.69	30.11
GCT	40	30.07	19.73	20.66	29.54
GCT	41	29.05	21.30	20.55	29.11
GCT	42	30.39	19.04	19.39	31.18
GCT	43	29.38	19.53	20.95	30.14
GCT	44	28.49	22.91	19.52	29.09
GCT	45	30.33	18.45	20.56	30.66
GCT	46	30.99	18.90	21.10	29.02
GCT	47	28.51	21.97	20.28	29.24
GCT	48	30.55	18.67	19.37	31.41
GCT	49	29.35	19.04	21.32	30.29
GCT	50	27.89	22.88	19.94	29.30
GCT	51	30.22	19.99	19.33	30.47
GCT	52	29.99	19.19	21.34	29.48
GCT	53	28.16	21.68	20.43	29.73
GCT	54	30.66	19.08	19.58	30.68
GCT	55	29.67	20.17	20.56	29.60
GCT	56	28.77	21.98	19.77	29.49
GCT	57	30.22	18.56	19.81	31.41
GCT	58	29.61	19.40	21.28	29.72
GCT	59	28.12	22.62	20.24	29.02
GCT	60	31.00	18.89	19.89	30.22
GCT	61	30.04	19.25	21.35	29.36
GCT	62	29.10	22.48	19.60	28.82
GCT	63	31.67	19.08	19.94	29.31
GCT	64	30.12	19.18	21.39	29.32
GCT	65	28.21	22.77	19.98	29.04
GCT	66	30.98	18.87	20.29	29.87
GCT	67	30.26	19.51	21.33	28.90
GCT	68	28.64	22.24	19.89	29.23
GCT	69	31.13	18.66	20.88	29.33
GCT	70	30.29	18.40	21.56	29.74
GCT	71	28.58	22.41	19.44	29.57
GCT	72	31.61	19.18	19.44	29.77
GCT	73	30.03	18.95	20.84	30.18
GCT	74	28.94	21.65	19.91	29.50
GCT	75	30.77	18.51	19.88	30.85
GCT	76	30.23	19.17	21.14	29.46
GCT	77	29.06	21.77	19.87	29.31
GCT	78	31.51	19.01	19.56	29.93
GCT	79	30.41	19.41	20.55	29.64
GCT	80	29.26	21.94	19.34	29.46
GCT	81	31.59	18.77	20.01	29.63
GCT	82	30.32	19.48	20.84	29.36
GCT	83	28.99	22.49	19.58	28.94
GCT	84	31.22	18.69	19.50	30.59
GCT	85	30.62	18.91	20.61	29.86
GCT	86	29.14	21.71	19.96	29.19
GCT	87	30.43	19.21	19.90	30.45
GCT	88	30.56	20.08	20.35	29.01
GCT	89	29.52	22.01	19.90	28.57
GCT	90	31.37	19.23	19.90	29.50
GCT	91	30.01	19.96	21.23	28.80
GCT	92	29.19	21.95	20.42	28.44
GCT	93	31.38	19.42	19.66	29.55
GCT	94	31.27	19.28	21.20	28.25
GCT	95	29.87	22.96	20.64	26.53
GCT	96	33.04	18.78	20.87	27.32
GCT	97	31.63	18.41	21.67	28.28
GCT	98	29.98	21.87	20.45	27.70
GCT	99	31.35	19.28	21.14	28.22
GCT	100	30.28	19.06	23.54	27.13
# ACGT content per cycle for first fragments. Use `grep ^FBC | cut -f 2-` to extract this part. The columns are: cycle; A,C,G,T base counts as a percentage of all A/C/G/T bases [%]; and N and O counts as a percentage of all A/C/G/T bases [%]
FBC	1	26.58	21.53	22.92	28.97	0.00	0.00
FBC	2	25.09	23.28	23.35	28.28	0.00	0.00
FBC	3	23.56	25.06	24.53	26.85	0.00	0.00
FBC	4	23.48	24.95	25.72	25.86	0.00	0.00
FBC	5	22.97	25.45	25.50	26.08	0.00	0.00
FBC	6	25.16	24.38	23.28	27.18	0.00	0.00
FBC	7	25.28	24.26	24.12	26.34	0.00	0.00
FBC	8	27.97	23.29	20.63	28.11	0.00	0.00
FBC	9	27.48	23.44	20.00	29.08	0.00	0.00
FBC	10	26.89	23.57	21.63	27.92	0.00	0.00
FBC	11	27.24	22.92	21.80	28.04	0.00	0.00
FBC	12	28.49	22.31	20.66	28.54	0.00	0.00
FBC	13	26.77	23.08	21.27	28.88	0.00	0.00
FBC	14	27.20	22.15	20.49	30.16	0.00	0.00
FBC	15	28.93	20.92	20.42	29.72	0.00	0.00
FBC	16	27.84	21.93	21.25	28.98	0.00	0.00
FBC	17	28.66	20.87	19.82	30.66	0.00	0.00
FBC	18	29.51	20.31	19.87	30.31	0.00	0.00
FBC	19	29.04	20.51	19.89	30.56	0.00	0.00
FBC	20	29.32	20.12	20.78	29.77	0.00	0.00
FBC	21	29.71	20.17	18.58	31.54	0.00	0.00
FBC	22	28.43	20.31	20.19	31.06	0.00	0.00
FBC	23	29.69	20.13	20.34	29.84	0.00	0.00
FBC	24	29.74	20.46	18.91	30.89	0.00	0.00
FBC	25	29.23	20.87	19.34	30.57	0.00	0.00
FBC	26	30.50	20.21	19.54	29.75	0.00	0.00
FBC	27	30.67	19.54	19.29	30.50	0.00	0.00
FBC	28	28.97	20.35	19.53	31.14	0.00	0.00
FBC	29	28.34	20.48	20.00	31.19	0.00	0.00
FBC	30	29.31	19.63	18.95	32.10	0.00	0.00
FBC	31	28.42	20.64	20.21	30.72	0.00	0.00
FBC	32	29.28	20.37	19.55	30.80	0.00	0.00
FBC	33	29.73	19.72	19.28	31.27	0.00	0.00
FBC	34	28.50	20.18	20.04	31.28	0.00	0.00
FBC	35	28.84	20.12	20.18	30.85	0.00	0.00
FBC	36	30.72	19.35	19.26	30.67	0.00	0.00
FBC	37	28.85	20.95	19.60	30.60	0.00	0.00
FBC	38	28.36	20.08	20.47	31.09	0.00	0.00
FBC	39	28.87	20.43	20.38	30.32	0.00	0.00
FBC	40	28.29	20.34	21.28	30.09	0.00	0.00
FBC	41	29.35	19.69	20.04	30.92	0.00	0.00
FBC	42	31.12	19.19	19.10	30.59	0.00	0.00
FBC	43	28.48	21.13	20.32	30.07	0.00	0.00
FBC	44	28.92	21.31	19.71	30.06	0.00	0.00
FBC	45	29.84	19.64	19.62	30.90	0.00	0.00
FBC	46	28.31	19.98	20.58	31.12	0.00	0.00
FBC	47	28.54	20.66	19.94	30.86	0.00	0.00
FBC	48	29.84	19.48	19.70	30.98	0.00	0.00
FBC	49	28.50	20.25	19.98	31.27	0.00	0.00
FBC	50	29.14	20.07	20.75	30.05	0.00	0.00
FBC	51	29.89	20.17	19.74	30.20	0.00	0.00
FBC	52	28.56	20.54	21.25	29.64	0.00	0.00
FBC	53	28.59	20.45	20.29	30.68	0.00	0.00
FBC	54	28.68	20.07	19.54	31.72	0.00	0.00
FBC	55	29.09	20.23	20.58	30.10	0.00	0.00
FBC	56	28.96	20.24	19.94	30.85	0.00	0.00
FBC	57	29.43	20.38	19.10	31.10	0.00	0.00
FBC	58	27.92	20.37	21.34	30.37	0.00	0.00
FBC	59	28.86	20.60	21.01	29.54	0.00	0.00
FBC	60	29.24	19.71	19.95	31.09	0.00	0.00
FBC	61	28.67	21.01	20.35	29.97	0.00	0.00
FBC	62	29.23	19.82	20.97	29.99	0.00	0.00
FBC	63	29.40	19.90	20.14	30.56	0.00	0.00
FBC	64	28.54	21.50	19.80	30.16	0.00	0.00
FBC	65	29.93	20.31	20.51	29.26	0.00	0.00
FBC	66	28.91	20.29	19.71	31.09	0.00	0.00
FBC	67	27.96	21.28	19.85	30.91	0.00	0.00
FBC	68	29.26	20.35	20.08	30.31	0.00	0.00
FBC	69	29.87	20.46	19.29	30.38	0.00	0.00
FBC	70	29.15	20.63	19.87	30.35	0.00	0.00
FBC	71	29.43	20.67	20.44	29.46	0.00	0.00
FBC	72	29.61	19.76	19.84	30.79	0.00	0.00
FBC	73	29.24	20.62	19.51	30.63	0.00	0.00
FBC	74	29.45	20.13	20.55	29.87	0.00	0.00
FBC	75	29.75	20.62	18.91	30.72	0.00	0.00
FBC	76	28.75	20.57	20.39	30.29	0.00	0.00
FBC	77	30.05	20.29	19.55	30.11	0.00	0.00
FBC	78	29.59	20.18	19.44	30.79	0.00	0.00
FBC	79	29.16	20.34	20.87	29.64	0.00	0.00
FBC	80	29.91	19.74	19.91	30.44	0.00	0.00
FBC	81	29.53	19.95	20.01	30.51	0.00	0.00
FBC	82	29.08	20.59	19.68	30.65	0.00	0.00
FBC	83	28.90	19.65	20.75	30.70	0.00	0.00
FBC	84	29.34	19.20	19.72	31.74	0.00	0.00
FBC	85	28.56	20.44	19.80	31.19	0.00	0.00
FBC	86	29.24	19.62	19.81	31.34	0.00	0.00
FBC	87	28.75	20.18	19.80	31.27	0.00	0.00
FBC	88	28.50	19.86	20.33	31.31	0.00	0.00
FBC	89	29.13	19.86	19.81	31.21	0.00	0.00
FBC	90	29.54	19.55	19.88	31.03	0.00	0.00
FBC	91	28.57	20.49	20.12	30.82	0.00	0.00
FBC	92	27.86	20.92	19.41	31.81	0.00	0.00
FBC	93	29.08	20.15	20.49	30.28	0.00	0.00
FBC	94	28.63	20.60	20.13	30.64	0.00	0.00
FBC	95	28.23	21.09	20.53	30.15	0.00	0.00
FBC	96	29.22	20.23	19.87	30.68	0.00	0.00
FBC	97	29.49	20.32	19.40	30.80	0.00	0.00
FBC	98	29.16	20.58	20.16	30.10	0.00	0.00
FBC	99	28.68	20.49	20.43	30.40	0.00	0.00
FBC	100	27.53	21.86	21.34	29.27	0.00	0.00
# ACGT raw counters for first fragments. Use `grep ^FTC | cut -f 2-` to extract this part. The columns are: A,C,G,T,N base counters
FTC	3414997	2475384	2427369	3598633	1
# ACGT content per cycle for last fragments. Use `grep ^LBC | cut -f 2-` to extract this part. The columns are: cycle; A,C,G,T base counts as a percentage of all A/C/G/T bases [%]; and N and O counts as a percentage of all A/C/G/T bases [%]
LBC	1	21.14	25.80	27.01	26.05	0.00	0.00
LBC	2	19.18	30.97	27.38	22.46	0.00	0.00
LBC	3	23.97	25.39	22.80	27.85	0.00	0.00
LBC	4	20.97	28.38	25.90	24.75	0.00	0.00
LBC	5	18.98	30.24	28.16	22.62	0.00	0.00
LBC	6	23.56	23.47	24.51	28.45	0.00	0.00
LBC	7	32.33	12.85	14.73	40.09	0.00	0.00
LBC	8	32.38	15.69	14.95	36.98	0.00	0.00
LBC	9	33.23	14.89	15.41	36.47	0.00	0.00
LBC	10	32.44	16.81	15.57	35.18	0.00	0.00
LBC	11	29.51	19.23	18.62	32.64	0.00	0.00
LBC	12	30.96	16.02	17.71	35.30	0.00	0.00
LBC	13	30.63	17.35	17.89	34.13	0.00	0.00
LBC	14	28.86	21.05	19.18	30.92	0.00	0.00
LBC	15	30.81	18.30	18.16	32.73	0.00	0.00
LBC	16	30.05	18.80	18.42	32.73	0.00	0.00
LBC	17	28.64	21.40	20.25	29.71	0.00	0.00
LBC	18	31.06	17.44	17.48	34.03	0.00	0.00
LBC	19	31.22	17.87	19.74	31.17	0.00	0.00
LBC	20	29.07	21.21	20.55	29.17	0.00	0.00
LBC	21	32.51	17.67	17.34	32.48	0.00	0.00
LBC	22	30.20	18.87	18.42	32.50	0.00	0.00
LBC	23	27.58	21.24	19.82	31.37	0.00	0.00
LBC	24	30.08	18.23	17.63	34.05	0.00	0.00
LBC	25	29.17	19.03	18.93	32.88	0.00	0.00
LBC	26	27.15	21.54	20.12	31.19	0.00	0.00
LBC	27	31.83	17.96	18.86	31.34	0.00	0.00
LBC	28	29.84	19.45	18.92	31.78	0.00	0.00
LBC	29	26.38	23.69	21.48	28.46	0.00	0.00
LBC	30	29.10	19.01	19.85	32.04	0.00	0.00
LBC	31	28.64	20.29	21.61	29.47	0.00	0.00
LBC	32	26.85	23.31	21.38	28.47	0.00	0.00
LBC	33	31.10	18.22	19.53	31.15	0.00	0.00
LBC	34	29.93	19.15	19.68	31.23	0.00	0.00
LBC	35	27.49	22.96	20.25	29.30	0.00	0.00
LBC	36	30.31	18.58	19.39	31.72	0.00	0.00
LBC	37	29.38	19.73	19.71	31.18	0.00	0.00
LBC	38	27.93	23.21	20.50	28.36	0.00	0.00
LBC	39	30.39	18.42	19.84	31.35	0.00	0.00
LBC	40	29.58	20.10	19.05	31.27	0.00	0.00
LBC	41	27.45	23.47	20.48	28.59	0.00	0.00
LBC	42	30.30	19.79	18.77	31.14	0.00	0.00
LBC	43	29.75	19.96	19.57	30.72	0.00	0.00
LBC	44	27.31	22.53	21.30	28.86	0.00	0.00
LBC	45	29.94	19.29	19.47	31.30	0.00	0.00
LBC	46	29.53	19.11	20.32	31.03	0.00	0.00
LBC	47	27.01	22.72	21.19	29.09	0.00	0.00
LBC	48	30.57	17.71	19.19	32.53	0.00	0.00
LBC	49	29.12	20.22	20.26	30.40	0.00	0.00
LBC	50	26.24	22.51	22.30	28.94	0.00	0.00
LBC	51	29.92	19.26	19.45	31.36	0.00	0.00
LBC	52	29.40	20.08	19.19	31.32	0.00	0.00
LBC	53	26.29	22.39	21.09	30.22	0.00	0.00
LBC	54	30.30	18.80	18.92	31.98	0.00	0.00
LBC	55	28.89	20.32	20.34	30.45	0.00	0.00
LBC	56	27.14	22.12	21.19	29.55	0.00	0.00
LBC	57	31.48	18.59	18.68	31.25	0.00	0.00
LBC	58	31.13	19.66	19.98	29.23	0.00	0.00
LBC	59	26.70	22.10	22.01	29.19	0.00	0.00
LBC	60	31.35	18.45	19.44	30.75	0.00	0.00
LBC	61	31.32	20.38	19.45	28.85	0.00	0.00
LBC	62	28.19	22.36	21.03	28.42	0.00	0.00
LBC	63	31.57	18.02	19.99	30.42	0.00	0.00
LBC	64	29.73	18.92	20.91	30.44	0.00	0.00
LBC	65	25.46	23.20	21.48	29.86	0.00	0.00
LBC	66	29.03	19.04	19.27	32.65	0.00	0.00
LBC	67	28.83	19.83	20.71	30.63	0.00	0.00
LBC	68	26.62	23.42	20.41	29.55	0.00	0.00
LBC	69	30.64	19.51	19.82	30.03	0.00	0.00
LBC	70	30.47	19.58	19.85	30.09	0.00	0.00
LBC	71	27.70	21.93	20.65	29.71	0.00	0.00
LBC	72	31.08	17.75	19.90	31.27	0.00	0.00
LBC	73	29.39	19.61	19.85	31.16	0.00	0.00
LBC	74	28.26	22.02	20.42	29.31	0.00	0.00
LBC	75	30.26	18.67	18.56	32.51	0.00	0.00
LBC	76	29.34	20.27	19.38	31.01	0.00	0.00
LBC	77	27.02	23.36	20.07	29.55	0.00	0.00
LBC	78	31.32	18.59	18.90	31.18	0.00	0.00
LBC	79	30.63	19.38	19.31	30.68	0.00	0.00
LBC	80	28.74	21.66	21.25	28.36	0.00	0.00
LBC	81	30.94	18.64	18.96	31.45	0.00	0.00
LBC	82	30.25	20.13	20.25	29.37	0.00	0.00
LBC	83	27.52	22.27	21.48	28.74	0.00	0.00
LBC	84	31.34	18.94	18.53	31.20	0.00	0.00
LBC	85	30.63	19.29	19.51	30.57	0.00	0.00
LBC	86	27.74	23.25	20.68	28.33	0.00	0.00
LBC	87	30.03	18.75	19.51	31.71	0.00	0.00
LBC	88	28.96	20.02	20.65	30.38	0.00	0.00
LBC	89	27.05	23.23	20.94	28.78	0.00	0.00
LBC	90	30.03	18.80	20.03	31.14	0.00	0.00
LBC	91	29.04	20.86	20.92	29.18	0.00	0.00
LBC	92	27.08	22.57	21.86	28.49	0.00	0.00
LBC	93	30.85	19.00	18.50	31.65	0.00	0.00
LBC	94	29.04	20.65	19.57	30.73	0.00	0.00
LBC	95	27.45	23.12	22.47	26.96	0.00	0.00
LBC	96	29.37	19.37	19.82	31.44	0.00	0.00
LBC	97	29.02	19.94	20.52	30.52	0.00	0.00
LBC	98	26.93	22.49	21.42	29.16	0.00	0.00
LBC	99	29.44	19.44	20.48	30.63	0.00	0.00
LBC	100	27.78	20.69	21.29	30.25	0.00	0.00
# ACGT raw counters for last fragments. Use `grep ^LTC | cut -f 2-` to extract this part. The columns are: A,C,G,T,N base counters
LTC	3436794	2427922	2388051	3638492	0
# Insert sizes. Use `grep ^IS | cut -f 2-` to extract this part. The columns are: insert size, pairs total, inward oriented pairs, outward oriented pairs, other pairs
IS	0	2	0	2	0
IS	1	0	0	0	0
IS	2	0	0	0	0
IS	3	0	0	0	0
IS	4	1	0	1	0
IS	5	1	0	1	0
IS	6	0	0	0	0
IS	7	0	0	0	0
IS	8	0	0	0	0
IS	9	0	0	0	0
IS	10	0	0	0	0
IS	11	0	0	0	0
IS	12	0	0	0	0
IS	13	2	0	2	0
IS	14	1	0	1	0
IS	15	2	0	2	0
IS	16	0	0	0	0
IS	17	1	0	1	0
IS	18	0	0	0	0
IS	19	11	0	11	0
IS	20	3	0	3	0
IS	21	9	2	7	0
IS	22	6	2	4	0
IS	23	16	4	12	0
IS	24	16	1	15	0
IS	25	22	6	16	0
IS	26	18	7	11	0
IS	27	25	8	17	0
IS	28	22	10	12	0
IS	29	31	8	23	0
IS	30	27	10	17	0
IS	31	40	8	32	0
IS	32	47	14	33	0
IS	33	35	9	26	0
IS	34	50	9	41	0
IS	35	39	7	32	0
IS	36	70	23	47	0
IS	37	66	18	48	0
IS	38	68	19	49	0
IS	39	59	18	41	0
IS	40	62	17	45	0
IS	41	59	19	40	0
IS	42	57	17	40	0
IS	43	71	21	50	0
IS	44	110	45	65	0
IS	45	83	25	58	0
IS	46	71	27	44	0
IS	47	66	18	48	0
IS	48	82	26	56	0
IS	49	78	24	54	0
IS	50	64	23	41	0
IS	51	93	32	61	0
IS	52	84	24	60	0
IS	53	92	30	62	0
IS	54	69	16	53	0
IS	55	79	31	48	0
IS	56	89	26	63	0
IS	57	96	29	67	0
IS	58	88	29	59	0
IS	59	83	22	61	0
IS	60	99	23	76	0
IS	61	116	37	79	0
IS	62	111	38	73	0
IS	63	89	30	59	0
IS	64	80	26	54	0
IS	65	75	29	46	0
IS	66	68	25	43	0
IS	67	66	22	44	0
IS	68	83	27	56	0
IS	69	69	16	53	0
IS	70	69	24	45	0
IS	71	69	21	48	0
IS	72	59	21	38	0
IS	73	50	19	31	0
IS	74	47	18	29	0
IS	75	56	24	32	0
IS	76	51	25	26	0
IS	77	50	23	27	0
IS	78	59	19	40	0
IS	79	42	24	18	0
IS	80	42	17	25	0
IS	81	27	24	3	0
IS	82	22	15	7	0
IS	83	26	19	7	0
IS	84	30	19	11	0
IS	85	32	25	7	0
IS	86	36	20	16	0
IS	87	49	21	28	0
IS	88	143	56	87	0
IS	89	155	47	108	0
IS	90	248	85	163	0
IS	91	305	109	196	0
IS	92	308	119	189	0
IS	93	1644	563	1081	0
IS	94	1724	565	1159	0
IS	95	1875	540	1335	0
IS	96	1722	538	1184	0
IS	97	1651	473	1178	0
IS	98	1667	457	1210	0
IS	99	1637	348	1289	0
IS	100	1516	718	798	0
IS	101	1635	1623	12	0
IS	102	1464	1464	0	0
IS	103	1456	1456	0	0
IS	104	1610	1610	0	0
IS	105	1432	1432	0	0
IS	106	1440	1439	1	0
IS	107	1412	1412	0	0
IS	108	1338	1338	0	0
IS	109	1353	1353	0	0
IS	110	1434	1434	0	0
IS	111	1308	1308	0	0
IS	112	1340	1340	0	0
IS	113	1385	1385	0	0
IS	114	1308	1308	0	0
IS	115	1396	1396	0	0
IS	116	1326	1326	0	0
IS	117	1284	1284	0	0
IS	118	1237	1237	0	0
IS	119	1358	1358	0	0
IS	120	1203	1203	0	0
IS	121	1241	1241	0	0
IS	122	1153	1153	0	0
IS	123	1120	1120	0	0
IS	124	1087	1087	0	0
IS	125	1153	1153	0	0
IS	126	1140	1140	0	0
IS	127	1088	1088	0	0
IS	128	1302	1302	0	0
IS	129	1051	1051	0	0
IS	130	1161	1161	0	0
IS	131	1236	1236	0	0
IS	132	1106	1106	0	0
IS	133	1028	1028	0	0
IS	134	1008	1008	0	0
IS	135	955	955	0	0
IS	136	917	917	0	0
IS	137	993	993	0	0
IS	138	858	858	0	0
IS	139	822	822	0	0
IS	140	910	910	0	0
IS	141	914	914	0	0
IS	142	1017	1017	0	0
IS	143	929	929	0	0
IS	144	822	822	0	0
IS	145	868	868	0	0
IS	146	961	961	0	0
IS	147	898	898	0	0
IS	148	886	886	0	0
IS	149	881	881	0	0
IS	150	813	813	0	0
IS	151	700	700	0	0
IS	152	776	776	0	0
IS	153	716	716	0	0
IS	154	755	755	0	0
IS	155	816	816	0	0
IS	156	694	694	0	0
IS	157	617	617	0	0
IS	158	649	649	0	0
IS	159	641	641	0	0
IS	160	604	604	0	0
IS	161	577	577	0	0
IS	162	590	590	0	0
IS	163	575	575	0	0
IS	164	577	577	0	0
IS	165	572	572	0	0
IS	166	518	518	0	0
IS	167	511	510	1	0
IS	168	497	497	0	0
IS	169	467	467	0	0
IS	170	542	542	0	0
IS	171	523	523	0	0
IS	172	441	441	0	0
IS	173	512	512	0	0
IS	174	441	441	0	0
IS	175	448	447	0	1
IS	176	479	479	0	0
IS	177	464	464	0	0
IS	178	415	415	0	0
IS	179	454	454	0	0
IS	180	421	421	0	0
IS	181	446	446	0	0
IS	182	405	405	0	0
IS	183	434	434	0	0
IS	184	432	432	0	0
IS	185	407	407	0	0
IS	186	349	349	0	0
IS	187	373	373	0	0
IS	188	420	420	0	0
IS	189	366	366	0	0
IS	190	342	342	0	0
IS	191	383	383	0	0
IS	192	331	331	0	0
IS	193	331	331	0	0
IS	194	298	298	0	0
IS	195	311	311	0	0
IS	196	299	299	0	0
IS	197	302	302	0	0
IS	198	271	271	0	0
IS	199	265	265	0	0
IS	200	306	306	0	0
IS	201	251	251	0	0
IS	202	247	247	0	0
IS	203	260	260	0	0
IS	204	325	325	0	0
IS	205	256	256	0	0
IS	206	263	263	0	0
IS	207	247	247	0	0
IS	208	221	221	0	0
IS	209	270	270	0	0
IS	210	232	232	0	0
IS	211	247	247	0	0
IS	212	225	225	0	0
IS	213	234	234	0	0
IS	214	198	198	0	0
IS	215	224	224	0	0
IS	216	199	199	0	0
IS	217	223	223	0	0
IS	218	219	219	0	0
IS	219	212	212	0	0
IS	220	192	192	0	0
IS	221	210	210	0	0
IS	222	165	165	0	0
IS	223	221	221	0	0
IS	224	212	212	0	0
IS	225	208	208	0	0
IS	226	182	182	0	0
IS	227	176	176	0	0
IS	228	182	182	0	0
IS	229	180	180	0	0
IS	230	187	187	0	0
IS	231	184	184	0	0
IS	232	158	158	0	0
IS	233	167	167	0	0
IS	234	157	157	0	0
IS	235	163	163	0	0
IS	236	156	156	0	0
IS	237	143	143	0	0
IS	238	154	154	0	0
IS	239	138	138	0	0
IS	240	160	160	0	0
IS	241	117	117	0	0
IS	242	141	141	0	0
IS	243	122	122	0	0
IS	244	125	125	0	0
IS	245	138	138	0	0
IS	246	134	134	0	0
IS	247	121	121	0	0
IS	248	139	139	0	0
IS	249	121	121	0	0
IS	250	112	112	0	0
IS	251	131	131	0	0
IS	252	116	116	0	0
IS	253	123	123	0	0
IS	254	127	127	0	0
IS	255	103	103	0	0
IS	256	113	113	0	0
IS	257	91	91	0	0
IS	258	131	131	0	0
IS	259	94	94	0	0
IS	260	90	90	0	0
IS	261	101	101	0	0
IS	262	99	99	0	0
IS	263	104	104	0	0
IS	264	101	101	0	0
IS	265	88	88	0	0
IS	266	110	110	0	0
IS	267	80	80	0	0
IS	268	121	121	0	0
IS	269	109	109	0	0
IS	270	89	89	0	0
IS	271	96	96	0	0
IS	272	95	95	0	0
IS	273	69	69	0	0
IS	274	95	95	0	0
IS	275	106	106	0	0
IS	276	73	73	0	0
IS	277	85	85	0	0
IS	278	89	89	0	0
IS	279	92	92	0	0
IS	280	79	79	0	0
IS	281	80	80	0	0
IS	282	61	61	0	0
IS	283	74	74	0	0
IS	284	79	79	0	0
IS	285	57	57	0	0
IS	286	66	66	0	0
IS	287	71	71	0	0
IS	288	84	84	0	0
IS	289	88	88	0	0
IS	290	107	107	0	0
IS	291	86	86	0	0
IS	292	50	50	0	0
IS	293	56	56	0	0
IS	294	84	84	0	0
IS	295	59	59	0	0
IS	296	67	67	0	0
IS	297	77	77	0	0
IS	298	57	57	0	0
IS	299	50	50	0	0
IS	300	72	72	0	0
IS	301	58	58	0	0
IS	302	51	51	0	0
IS	303	75	75	0	0
IS	304	65	65	0	0
IS	305	49	49	0	0
IS	306	70	70	0	0
IS	307	59	59	0	0
IS	308	47	47	0	0
IS	309	52	51	1	0
IS	310	42	42	0	0
IS	311	62	62	0	0
IS	312	48	48	0	0
IS	313	52	52	0	0
IS	314	55	55	0	0
IS	315	60	60	0	0
IS	316	44	44	0	0
IS	317	45	45	0	0
IS	318	30	30	0	0
IS	319	44	44	0	0
IS	320	36	36	0	0
IS	321	37	37	0	0
IS	322	46	46	0	0
IS	323	53	53	0	0
IS	324	50	50	0	0
IS	325	35	35	0	0
IS	326	34	34	0	0
IS	327	45	45	0	0
IS	328	35	35	0	0
IS	329	49	49	0	0
IS	330	45	45	0	0
IS	331	47	47	0	0
IS	332	35	35	0	0
IS	333	44	44	0	0
IS	334	35	35	0	0
IS	335	47	47	0	0
IS	336	46	46	0	0
IS	337	34	34	0	0
IS	338	42	42	0	0
IS	339	34	34	0	0
IS	340	42	42	0	0
IS	341	36	36	0	0
IS	342	24	24	0	0
IS	343	34	34	0	0
IS	344	37	37	0	0
IS	345	40	40	0	0
IS	346	40	40	0	0
IS	347	43	43	0	0
IS	348	32	32	0	0
IS	349	30	30	0	0
IS	350	35	35	0	0
IS	351	28	28	0	0
IS	352	24	24	0	0
IS	353	37	37	0	0
IS	354	28	28	0	0
IS	355	31	31	0	0
IS	356	30	30	0	0
IS	357	35	35	0	0
IS	358	43	43	0	0
IS	359	30	30	0	0
IS	360	28	28	0	0
IS	361	26	26	0	0
IS	362	21	21	0	0
IS	363	18	18	0	0
IS	364	23	23	0	0
IS	365	29	29	0	0
IS	366	23	23	0	0
IS	367	21	21	0	0
IS	368	18	18	0	0
IS	369	18	18	0	0
IS	370	23	23	0	0
IS	371	29	29	0	0
IS	372	20	20	0	0
IS	373	19	19	0	0
IS	374	24	24	0	0
IS	375	20	20	0	0
IS	376	16	16	0	0
IS	377	25	25	0	0
IS	378	23	23	0	0
IS	379	18	18	0	0
IS	380	12	12	0	0
IS	381	28	28	0	0
IS	382	22	22	0	0
IS	383	12	12	0	0
IS	384	25	25	0	0
IS	385	27	27	0	0
IS	386	18	18	0	0
IS	387	18	18	0	0
IS	388	20	20	0	0
IS	389	20	20	0	0
IS	390	20	20	0	0
IS	391	16	16	0	0
IS	392	18	18	0	0
IS	393	19	18	1	0
IS	394	16	16	0	0
IS	395	10	10	0	0
IS	396	21	21	0	0
IS	397	15	15	0	0
IS	398	17	17	0	0
IS	399	15	15	0	0
IS	400	17	17	0	0
IS	401	13	13	0	0
IS	402	18	18	0	0
IS	403	14	14	0	0
IS	404	15	15	0	0
IS	405	11	11	0	0
# Read lengths. Use `grep ^RL | cut -f 2-` to extract this part. The columns are: read length, count
RL	50	137
RL	51	138
RL	52	151
RL	53	175
RL	54	147
RL	55	157
RL	56	215
RL	57	154
RL	58	157
RL	59	185
RL	60	241
RL	61	159
RL	62	216
RL	63	189
RL	64	168
RL	65	195
RL	66	187
RL	67	218
RL	68	167
RL	69	167
RL	70	167
RL	71	192
RL	72	163
RL	73	176
RL	74	191
RL	75	236
RL	76	202
RL	77	194
RL	78	208
RL	79	185
RL	80	204
RL	81	191
RL	82	199
RL	83	202
RL	84	221
RL	85	185
RL	86	209
RL	87	168
RL	88	205
RL	89	199
RL	90	181
RL	91	205
RL	92	222
RL	93	244
RL	94	265
RL	95	239
RL	96	296
RL	97	309
RL	98	275
RL	99	885
RL	100	229875
# Read lengths - first fragments. Use `grep ^FRL | cut -f 2-` to extract this part. The columns are: read length, count
FRL	50	57
FRL	51	60
FRL	52	67
FRL	53	80
FRL	54	56
FRL	55	67
FRL	56	95
FRL	57	71
FRL	58	59
FRL	59	82
FRL	60	146
FRL	61	59
FRL	62	96
FRL	63	100
FRL	64	65
FRL	65	96
FRL	66	78
FRL	67	126
FRL	68	76
FRL	69	67
FRL	70	64
FRL	71	76
FRL	72	60
FRL	73	69
FRL	74	78
FRL	75	128
FRL	76	75
FRL	77	89
FRL	78	104
FRL	79	84
FRL	80	91
FRL	81	68
FRL	82	95
FRL	83	75
FRL	84	111
FRL	85	79
FRL	86	111
FRL	87	68
FRL	88	86
FRL	89	81
FRL	90	94
FRL	91	103
FRL	92	94
FRL	93	113
FRL	94	117
FRL	95	106
FRL	96	138
FRL	97	107
FRL	98	147
FRL	99	456
FRL	100	115438
# Read lengths - last fragments. Use `grep ^LRL | cut -f 2-` to extract this part. The columns are: read length, count
LRL	50	80
LRL	51	78
LRL	52	84
LRL	53	95
LRL	54	91
LRL	55	90
LRL	56	120
LRL	57	83
LRL	58	98
LRL	59	103
LRL	60	95
LRL	61	100
LRL	62	120
LRL	63	89
LRL	64	103
LRL	65	99
LRL	66	109
LRL	67	92
LRL	68	91
LRL	69	100
LRL	70	103
LRL	71	116
LRL	72	103
LRL	73	107
LRL	74	113
LRL	75	108
LRL	76	127
LRL	77	105
LRL	78	104
LRL	79	101
LRL	80	113
LRL	81	123
LRL	82	104
LRL	83	127
LRL	84	110
LRL	85	106
LRL	86	98
LRL	87	100
LRL	88	119
LRL	89	118
LRL	90	87
LRL	91	102
LRL	92	128
LRL	93	131
LRL	94	148
LRL	95	133
LRL	96	158
LRL	97	202
LRL	98	128
LRL	99	429
LRL	100	114437
# Mapping qualities for reads !(UNMAP|SECOND|SUPPL|QCFAIL|DUP). Use `grep ^MAPQ | cut -f 2-` to extract this part. The columns are: mapq, count
MAPQ	0	2436
MAPQ	1	2
MAPQ	3	5
MAPQ	5	2
MAPQ	7	1
MAPQ	9	11
MAPQ	10	4
MAPQ	12	2
MAPQ	13	2
MAPQ	14	3
MAPQ	15	11
MAPQ	16	2
MAPQ	18	1
MAPQ	19	4
MAPQ	20	3
MAPQ	21	15
MAPQ	22	2
MAPQ	23	5
MAPQ	24	22
MAPQ	25	9
MAPQ	26	2
MAPQ	27	40
MAPQ	28	1
MAPQ	30	1
MAPQ	31	1
MAPQ	32	4
MAPQ	33	8
MAPQ	34	4
MAPQ	36	2
MAPQ	37	8
MAPQ	38	2
MAPQ	39	8
MAPQ	40	136
MAPQ	41	2
MAPQ	42	12
MAPQ	43	3
MAPQ	44	6
MAPQ	45	6
MAPQ	46	22
MAPQ	47	27
MAPQ	48	10
MAPQ	49	20
MAPQ	50	59
MAPQ	51	10
MAPQ	52	30
MAPQ	53	5
MAPQ	54	8
MAPQ	55	23
MAPQ	56	10
MAPQ	57	9
MAPQ	58	15
MAPQ	59	2
MAPQ	60	235467
# Indel distribution. Use `grep ^ID | cut -f 2-` to extract this part. The columns are: length, number of insertions, number of deletions
ID	1	1359	2025
ID	2	59	60
ID	3	10	14
ID	4	10	1
ID	5	2	0
ID	7	1	0
ID	8	2	0
ID	10	0	1
ID	12	0	1
# Indels per cycle. Use `grep ^IC | cut -f 2-` to extract this part. The columns are: cycle, number of insertions (fwd), .. (rev) , number of deletions (fwd), .. (rev)
IC	3	0	0	23	508
IC	4	8	248	13	466
IC	5	3	159	4	97
IC	6	4	163	0	5
IC	7	0	1	5	2
IC	8	1	4	6	6
IC	9	2	0	5	6
IC	10	1	3	7	5
IC	11	1	1	3	8
IC	12	1	2	3	4
IC	13	2	3	4	4
IC	14	4	5	2	7
IC	15	1	8	2	3
IC	16	4	0	5	2
IC	17	2	3	5	5
IC	18	1	2	4	7
IC	19	2	4	5	3
IC	20	4	3	6	3
IC	21	1	2	3	3
IC	22	3	4	5	14
IC	23	2	6	3	6
IC	24	1	2	6	4
IC	25	1	3	6	3
IC	26	3	7	4	7
IC	27	4	3	3	4
IC	28	2	5	4	3
IC	29	1	9	6	6
IC	30	2	1	7	7
IC	31	2	5	6	6
IC	32	6	11	3	3
IC	33	3	9	6	5
IC	34	7	5	3	6
IC	35	4	5	4	3
IC	36	4	3	6	6
IC	37	2	2	3	2
IC	38	3	2	5	12
IC	39	1	5	2	5
IC	40	3	6	1	10
IC	41	3	2	2	5
IC	42	4	3	5	7
IC	43	6	3	2	8
IC	44	5	1	5	4
IC	45	3	1	3	5
IC	46	1	4	1	3
IC	47	1	1	6	3
IC	48	3	4	2	6
IC	49	3	3	7	5
IC	50	4	2	5	2
IC	51	2	2	2	2
IC	52	3	0	5	3
IC	53	1	1	2	5
IC	54	0	0	5	1
IC	55	6	5	4	3
IC	56	4	2	2	5
IC	57	4	5	6	1
IC	58	4	3	2	4
IC	59	2	1	2	4
IC	60	3	4	2	7
IC	61	4	1	5	7
IC	62	6	3	2	6
IC	63	1	7	7	2
IC	64	7	4	8	5
IC	65	3	3	8	2
IC	66	3	1	2	6
IC	67	5	2	6	6
IC	68	2	2	3	7
IC	69	2	3	4	1
IC	70	4	5	2	1
IC	71	4	6	3	6
IC	72	2	0	11	4
IC	73	3	5	1	2
IC	74	4	4	7	4
IC	75	4	1	2	1
IC	76	7	0	4	7
IC	77	2	3	2	1
IC	78	1	4	9	5
IC	79	2	3	7	5
IC	80	6	2	4	2
IC	81	3	3	5	2
IC	82	6	2	2	3
IC	83	7	1	3	5
IC	84	2	4	6	3
IC	85	0	4	6	6
IC	86	2	3	3	3
IC	87	2	2	3	4
IC	88	3	3	5	2
IC	89	7	4	13	3
IC	90	4	1	7	4
IC	91	4	1	16	3
IC	92	15	0	17	1
IC	93	5	2	18	5
IC	94	19	4	26	2
IC	95	35	3	31	5
IC	96	89	9	40	15
IC	97	126	28	36	25
# Coverage distribution. Use `grep ^COV | cut -f 2-` to extract this part.
COV	[1-1]	1	314273
COV	[2-2]	2	286889
COV	[3-3]	3	155320
COV	[4-4]	4	130801
COV	[5-5]	5	94304
COV	[6-6]	6	82588
COV	[7-7]	7	63362
COV	[8-8]	8	57168
COV	[9-9]	9	46430
COV	[10-10]	10	40290
COV	[11-11]	11	33764
COV	[12-12]	12	29396
COV	[13-13]	13	25082
COV	[14-14]	14	22292
COV	[15-15]	15	19930
COV	[16-16]	16	17777
COV	[17-17]	17	15223
COV	[18-18]	18	13946
COV	[19-19]	19	12057
COV	[20-20]	20	10774
COV	[21-21]	21	9752
COV	[22-22]	22	8808
COV	[23-23]	23	8454
COV	[24-24]	24	7166
COV	[25-25]	25	7186
COV	[26-26]	26	6652
COV	[27-27]	27	6159
COV	[28-28]	28	5859
COV	[29-29]	29	5301
COV	[30-30]	30	4943
COV	[31-31]	31	4435
COV	[32-32]	32	4316
COV	[33-33]	33	4166
COV	[34-34]	34	3415
COV	[35-35]	35	3453
COV	[36-36]	36	3303
COV	[37-37]	37	2754
COV	[38-38]	38	2505
COV	[39-39]	39	2667
COV	[40-40]	40	2480
COV	[41-41]	41	2151
COV	[42-42]	42	2074
COV	[43-43]	43	1930
COV	[44-44]	44	1754
COV	[45-45]	45	1638
COV	[46-46]	46	1653
COV	[47-47]	47	1647
COV	[48-48]	48	1444
COV	[49-49]	49	1537
COV	[50-50]	50	1453
COV	[51-51]	51	1306
COV	[52-52]	52	1243
COV	[53-53]	53	1253
COV	[54-54]	54	1101
COV	[55-55]	55	1295
COV	[56-56]	56	1282
COV	[57-57]	57	1132
COV	[58-58]	58	1181
COV	[59-59]	59	1098
COV	[60-60]	60	916
COV	[61-61]	61	862
COV	[62-62]	62	832
COV	[63-63]	63	893
COV	[64-64]	64	945
COV	[65-65]	65	801
COV	[66-66]	66	810
COV	[67-67]	67	871
COV	[68-68]	68	730
COV	[69-69]	69	722
COV	[70-70]	70	705
COV	[71-71]	71	626
COV	[72-72]	72	667
COV	[73-73]	73	612
COV	[74-74]	74	606
COV	[75-75]	75	604
COV	[76-76]	76	628
COV	[77-77]	77	512
COV	[78-78]	78	561
COV	[79-79]	79	549
COV	[80-80]	80	574
COV	[81-81]	81	499
COV	[82-82]	82	477
COV	[83-83]	83	484
COV	[84-84]	84	490
COV	[85-85]	85	546
COV	[86-86]	86	533
COV	[87-87]	87	382
COV	[88-88]	88	436
COV	[89-89]	89	357
COV	[90-90]	90	362
COV	[91-91]	91	326
COV	[92-92]	92	383
COV	[93-93]	93	338
COV	[94-94]	94	337
COV	[95-95]	95	376
COV	[96-96]	96	351
COV	[97-97]	97	327
COV	[98-98]	98	338
COV	[99-99]	99	293
COV	[100-100]	100	392
COV	[101-101]	101	395
COV	[102-102]	102	350
COV	[103-103]	103	329
COV	[104-104]	104	272
COV	[105-105]	105	300
COV	[106-106]	106	321
COV	[107-107]	107	334
COV	[108-108]	108	352
COV	[109-109]	109	298
COV	[110-110]	110	308
COV	[111-111]	111	307
COV	[112-112]	112	278
COV	[113-113]	113	285
COV	[114-114]	114	286
COV	[115-115]	115	274
COV	[116-116]	116	230
COV	[117-117]	117	268
COV	[118-118]	118	227
COV	[119-119]	119	255
COV	[120-120]	120	268
COV	[121-121]	121	226
COV	[122-122]	122	276
COV	[123-123]	123	243
COV	[124-124]	124	248
COV	[125-125]	125	247
COV	[126-126]	126	268
COV	[127-127]	127	235
COV	[128-128]	128	227
COV	[129-129]	129	212
COV	[130-130]	130	224
COV	[131-131]	131	221
COV	[132-132]	132	185
COV	[133-133]	133	203
COV	[134-134]	134	226
COV	[135-135]	135	201
COV	[136-136]	136	238
COV	[137-137]	137	212
COV	[138-138]	138	215
COV	[139-139]	139	223
COV	[140-140]	140	199
COV	[141-141]	141	228
COV	[142-142]	142	193
COV	[143-143]	143	208
COV	[144-144]	144	201
COV	[145-145]	145	185
COV	[146-146]	146	199
COV	[147-147]	147	242
COV	[148-148]	148	212
COV	[149-149]	149	204
COV	[150-150]	150	178
COV	[151-151]	151	196
COV	[152-152]	152	181
COV	[153-153]	153	195
COV	[154-154]	154	163
COV	[155-155]	155	190
COV	[156-156]	156	196
COV	[157-157]	157	176
COV	[158-158]	158	180
COV	[159-159]	159	159
COV	[160-160]	160	143
COV	[161-161]	161	213
COV	[162-162]	162	177
COV	[163-163]	163	190
COV	[164-164]	164	170
COV	[165-165]	165	160
COV	[166-166]	166	158
COV	[167-167]	167	155
COV	[168-168]	168	155
COV	[169-169]	169	157
COV	[170-170]	170	140
COV	[171-171]	171	125
COV	[172-172]	172	109
COV	[173-173]	173	151
COV	[174-174]	174	112
COV	[175-175]	175	132
COV	[176-176]	176	120
COV	[177-177]	177	131
COV	[178-178]	178	133
COV	[179-179]	179	103
COV	[180-180]	180	106
COV	[181-181]	181	113
COV	[182-182]	182	116
COV	[183-183]	183	117
COV	[184-184]	184	126
COV	[185-185]	185	119
COV	[186-186]	186	115
COV	[187-187]	187	132
COV	[188-188]	188	108
COV	[189-189]	189	139
COV	[190-190]	190	133
COV	[191-191]	191	118
COV	[192-192]	192	131
COV	[193-193]	193	105
COV	[194-194]	194	88
COV	[195-195]	195	116
COV	[196-196]	196	107
COV	[197-197]	197	119
COV	[198-198]	198	91
COV	[199-199]	199	96
COV	[200-200]	200	131
COV	[201-201]	201	85
COV	[202-202]	202	108
COV	[203-203]	203	112
COV	[204-204]	204	119
COV	[205-205]	205	130
COV	[206-206]	206	139
COV	[207-207]	207	120
COV	[208-208]	208	78
COV	[209-209]	209	83
COV	[210-210]	210	122
COV	[211-211]	211	138
COV	[212-212]	212	100
COV	[213-213]	213	88
COV	[214-214]	214	62
COV	[215-215]	215	74
COV	[216-216]	216	71
COV	[217-217]	217	80
COV	[218-218]	218	86
COV	[219-219]	219	69
COV	[220-220]	220	54
COV	[221-221]	221	53
COV	[222-222]	222	78
COV	[223-223]	223	74
COV	[224-224]	224	83
COV	[225-225]	225	88
COV	[226-226]	226	115
COV	[227-227]	227	81
COV	[228-228]	228	89
COV	[229-229]	229	99
COV	[230-230]	230	73
COV	[231-231]	231	85
COV	[232-232]	232	67
COV	[233-233]	233	73
COV	[234-234]	234	72
COV	[235-235]	235	54
COV	[236-236]	236	76
COV	[237-237]	237	75
COV	[238-238]	238	82
COV	[239-239]	239	72
COV	[240-240]	240	91
COV	[241-241]	241	82
COV	[242-242]	242	83
COV	[243-243]	243	78
COV	[244-244]	244	76
COV	[245-245]	245	80
COV	[246-246]	246	77
COV	[247-247]	247	62
COV	[248-248]	248	47
COV	[249-249]	249	68
COV	[250-250]	250	68
COV	[251-251]	251	64
COV	[252-252]	252	60
COV	[253-253]	253	38
COV	[254-254]	254	62
COV	[255-255]	255	62
COV	[256-256]	256	49
COV	[257-257]	257	61
COV	[258-258]	258	68
COV	[259-259]	259	82
COV	[260-260]	260	59
COV	[261-261]	261	62
COV	[262-262]	262	64
COV	[263-263]	263	57
COV	[264-264]	264	58
COV	[265-265]	265	58
COV	[266-266]	266	55
COV	[267-267]	267	56
COV	[268-268]	268	59
COV	[269-269]	269	78
COV	[270-270]	270	68
COV	[271-271]	271	57
COV	[272-272]	272	47
COV	[273-273]	273	46
COV	[274-274]	274	58
COV	[275-275]	275	45
COV	[276-276]	276	52
COV	[277-277]	277	45
COV	[278-278]	278	73
COV	[279-279]	279	65
COV	[280-280]	280	62
COV	[281-281]	281	50
COV	[282-282]	282	38
COV	[283-283]	283	43
COV	[284-284]	284	46
COV	[285-285]	285	63
COV	[286-286]	286	53
COV	[287-287]	287	44
COV	[288-288]	288	45
COV	[289-289]	289	50
COV	[290-290]	290	50
COV	[291-291]	291	56
COV	[292-292]	292	41
COV	[293-293]	293	37
COV	[294-294]	294	52
COV	[295-295]	295	55
COV	[296-296]	296	38
COV	[297-297]	297	38
COV	[298-298]	298	31
COV	[299-299]	299	43
COV	[300-300]	300	46
COV	[301-301]	301	40
COV	[302-302]	302	34
COV	[303-303]	303	45
COV	[304-304]	304	49
COV	[305-305]	305	34
COV	[306-306]	306	51
COV	[307-307]	307	44
COV	[308-308]	308	40
COV	[309-309]	309	62
COV	[310-310]	310	59
COV	[311-311]	311	46
COV	[312-312]	312	68
COV	[313-313]	313	61
COV	[314-314]	314	42
COV	[315-315]	315	44
COV	[316-316]	316	52
COV	[317-317]	317	42
COV	[318-318]	318	32
COV	[319-319]	319	32
COV	[320-320]	320	43
COV	[321-321]	321	35
COV	[322-322]	322	51
COV	[323-323]	323	51
COV	[324-324]	324	38
COV	[325-325]	325	49
COV	[326-326]	326	50
COV	[327-327]	327	43
COV	[328-328]	328	42
COV	[329-329]	329	34
COV	[330-330]	330	37
COV	[331-331]	331	43
COV	[332-332]	332	33
COV	[333-333]	333	28
COV	[334-334]	334	31
COV	[335-335]	335	28
COV	[336-336]	336	28
COV	[337-337]	337	40
COV	[338-338]	338	37
COV	[339-339]	339	49
COV	[340-340]	340	43
COV	[341-341]	341	54
COV	[342-342]	342	44
COV	[343-343]	343	59
COV	[344-344]	344	57
COV	[345-345]	345	37
COV	[346-346]	346	26
COV	[347-347]	347	38
COV	[348-348]	348	30
COV	[349-349]	349	31
COV	[350-350]	350	25
COV	[351-351]	351	20
COV	[352-352]	352	21
COV	[353-353]	353	29
COV	[354-354]	354	31
COV	[355-355]	355	30
COV	[356-356]	356	42
COV	[357-357]	357	22
COV	[358-358]	358	23
COV	[359-359]	359	30
COV	[360-360]	360	43
COV	[361-361]	361	30
COV	[362-362]	362	24
COV	[363-363]	363	18
COV	[364-364]	364	17
COV	[365-365]	365	15
COV	[366-366]	366	23
COV	[367-367]	367	26
COV	[368-368]	368	17
COV	[369-369]	369	22
COV	[370-370]	370	25
COV	[371-371]	371	19
COV	[372-372]	372	25
COV	[373-373]	373	17
COV	[374-374]	374	20
COV	[375-375]	375	22
COV	[376-376]	376	29
COV	[377-377]	377	31
COV	[378-378]	378	13
COV	[379-379]	379	16
COV	[380-380]	380	25
COV	[381-381]	381	32
COV	[382-382]	382	25
COV	[383-383]	383	27
COV	[384-384]	384	27
COV	[385-385]	385	16
COV	[386-386]	386	29
COV	[387-387]	387	21
COV	[388-388]	388	37
COV	[389-389]	389	26
COV	[390-390]	390	27
COV	[391-391]	391	27
COV	[392-392]	392	19
COV	[393-393]	393	25
COV	[394-394]	394	25
COV	[395-395]	395	25
COV	[396-396]	396	24
COV	[397-397]	397	22
COV	[398-398]	398	27
COV	[399-399]	399	38
COV	[400-400]	400	19
COV	[401-401]	401	24
COV	[402-402]	402	34
COV	[403-403]	403	16
COV	[404-404]	404	22
COV	[405-405]	405	24
COV	[406-406]	406	22
COV	[407-407]	407	14
COV	[408-408]	408	13
COV	[409-409]	409	14
COV	[410-410]	410	12
COV	[411-411]	411	10
COV	[412-412]	412	16
COV	[413-413]	413	13
COV	[414-414]	414	14
COV	[415-415]	415	22
COV	[416-416]	416	17
COV	[417-417]	417	20
COV	[418-418]	418	11
COV	[419-419]	419	19
COV	[420-420]	420	21
COV	[421-421]	421	32
COV	[422-422]	422	22
COV	[423-423]	423	31
COV	[424-424]	424	33
COV	[425-425]	425	28
COV	[426-426]	426	28
COV	[427-427]	427	14
COV	[428-428]	428	25
COV	[429-429]	429	28
COV	[430-430]	430	19
COV	[431-431]	431	11
COV	[432-432]	432	23
COV	[433-433]	433	25
COV	[434-434]	434	25
COV	[435-435]	435	21
COV	[436-436]	436	19
COV	[437-437]	437	20
COV	[438-438]	438	16
COV	[439-439]	439	11
COV	[440-440]	440	6
COV	[441-441]	441	11
COV	[442-442]	442	14
COV	[443-443]	443	10
COV	[444-444]	444	15
COV	[445-445]	445	29
COV	[446-446]	446	25
COV	[447-447]	447	16
COV	[448-448]	448	7
COV	[449-449]	449	13
COV	[450-450]	450	8
COV	[451-451]	451	8
COV	[452-452]	452	10
COV	[453-453]	453	10
COV	[454-454]	454	15
COV	[455-455]	455	14
COV	[456-456]	456	21
COV	[457-457]	457	11
COV	[458-458]	458	20
COV	[459-459]	459	8
COV	[460-460]	460	11
COV	[461-461]	461	18
COV	[462-462]	462	14
COV	[463-463]	463	16
COV	[464-464]	464	13
COV	[465-465]	465	15
COV	[466-466]	466	17
COV	[467-467]	467	17
COV	[468-468]	468	18
COV	[469-469]	469	20
COV	[470-470]	470	21
COV	[471-471]	471	11
COV	[472-472]	472	13
COV	[473-473]	473	11
COV	[474-474]	474	15
COV	[475-475]	475	23
COV	[476-476]	476	19
COV	[477-477]	477	15
COV	[478-478]	478	5
COV	[479-479]	479	17
COV	[480-480]	480	18
COV	[481-481]	481	24
COV	[482-482]	482	19
COV	[483-483]	483	13
COV	[484-484]	484	10
COV	[485-485]	485	19
COV	[486-486]	486	6
COV	[487-487]	487	17
COV	[488-488]	488	19
COV	[489-489]	489	18
COV	[490-490]	490	11
COV	[491-491]	491	20
COV	[492-492]	492	23
COV	[493-493]	493	15
COV	[494-494]	494	12
COV	[495-495]	495	14
COV	[496-496]	496	18
COV	[497-497]	497	17
COV	[498-498]	498	21
COV	[499-499]	499	9
COV	[500-500]	500	12
COV	[501-501]	501	28
COV	[502-502]	502	8
COV	[503-503]	503	14
COV	[504-504]	504	24
COV	[505-505]	505	10
COV	[506-506]	506	13
COV	[507-507]	507	6
COV	[508-508]	508	10
COV	[509-509]	509	12
COV	[510-510]	510	8
COV	[511-511]	511	12
COV	[512-512]	512	11
COV	[513-513]	513	16
COV	[514-514]	514	25
COV	[515-515]	515	22
COV	[516-516]	516	12
COV	[517-517]	517	17
COV	[518-518]	518	23
COV	[519-519]	519	21
COV	[520-520]	520	12
COV	[521-521]	521	19
COV	[522-522]	522	7
COV	[523-523]	523	15
COV	[524-524]	524	19
COV	[525-525]	525	12
COV	[526-526]	526	8
COV	[527-527]	527	10
COV	[528-528]	528	15
COV	[529-529]	529	9
COV	[530-530]	530	23
COV	[531-531]	531	24
COV	[532-532]	532	21
COV	[533-533]	533	22
COV	[534-534]	534	29
COV	[535-535]	535	10
COV	[536-536]	536	18
COV	[537-537]	537	9
COV	[538-538]	538	19
COV	[539-539]	539	8
COV	[540-540]	540	10
COV	[541-541]	541	19
COV	[542-542]	542	8
COV	[543-543]	543	19
COV	[544-544]	544	24
COV	[545-545]	545	10
COV	[546-546]	546	3
COV	[547-547]	547	12
COV	[548-548]	548	14
COV	[549-549]	549	12
COV	[550-550]	550	11
COV	[551-551]	551	9
COV	[552-552]	552	8
COV	[553-553]	553	4
COV	[554-554]	554	6
COV	[555-555]	555	3
COV	[556-556]	556	2
COV	[557-557]	557	10
COV	[558-558]	558	1
COV	[559-559]	559	5
COV	[560-560]	560	8
COV	[561-561]	561	10
COV	[562-562]	562	10
COV	[563-563]	563	8
COV	[564-564]	564	5
COV	[565-565]	565	8
COV	[566-566]	566	8
COV	[567-567]	567	8
COV	[568-568]	568	8
COV	[569-569]	569	12
COV	[570-570]	570	3
COV	[571-571]	571	2
COV	[572-572]	572	3
COV	[573-573]	573	6
COV	[574-574]	574	7
COV	[575-575]	575	2
COV	[576-576]	576	1
COV	[577-577]	577	2
COV	[578-578]	578	4
COV	[579-579]	579	3
COV	[580-580]	580	5
COV	[581-581]	581	9
COV	[582-582]	582	8
COV	[583-583]	583	8
COV	[584-584]	584	14
COV	[585-585]	585	6
COV	[586-586]	586	10
COV	[587-587]	587	3
COV	[588-588]	588	12
COV	[589-589]	589	13
COV	[590-590]	590	4
COV	[591-591]	591	6
COV	[592-592]	592	4
COV	[593-593]	593	3
COV	[594-594]	594	2
COV	[595-595]	595	1
COV	[596-596]	596	2
COV	[597-597]	597	5
COV	[598-598]	598	2
COV	[599-599]	599	2
COV	[600-600]	600	5
COV	[601-601]	601	2
COV	[602-602]	602	5
COV	[603-603]	603	5
COV	[604-604]	604	5
COV	[605-605]	605	2
COV	[606-606]	606	3
COV	[607-607]	607	3
COV	[608-608]	608	6
COV	[609-609]	609	3
COV	[610-610]	610	5
COV	[611-611]	611	5
COV	[612-612]	612	3
COV	[613-613]	613	1
COV	[614-614]	614	2
COV	[615-615]	615	3
COV	[616-616]	616	4
COV	[617-617]	617	1
COV	[618-618]	618	7
COV	[619-619]	619	1
COV	[620-620]	620	9
COV	[621-621]	621	2
COV	[622-622]	622	5
COV	[623-623]	623	4
COV	[624-624]	624	10
COV	[625-625]	625	13
COV	[626-626]	626	4
COV	[627-627]	627	3
COV	[628-628]	628	6
COV	[629-629]	629	11
COV	[630-630]	630	3
COV	[631-631]	631	6
COV	[632-632]	632	10
COV	[633-633]	633	5
COV	[634-634]	634	5
COV	[635-635]	635	6
COV	[636-636]	636	3
COV	[637-637]	637	5
COV	[638-638]	638	4
COV	[639-639]	639	5
COV	[640-640]	640	8
COV	[641-641]	641	7
COV	[642-642]	642	7
COV	[643-643]	643	3
COV	[644-644]	644	6
COV	[645-645]	645	3
COV	[646-646]	646	6
COV	[647-647]	647	7
COV	[648-648]	648	5
COV	[649-649]	649	16
COV	[650-650]	650	4
COV	[651-651]	651	4
COV	[652-652]	652	7
COV	[653-653]	653	14
COV	[654-654]	654	8
COV	[655-655]	655	5
COV	[656-656]	656	13
COV	[657-657]	657	12
COV	[658-658]	658	8
COV	[659-659]	659	5
COV	[660-660]	660	5
COV	[661-661]	661	4
COV	[662-662]	662	5
COV	[663-663]	663	6
COV	[664-664]	664	20
COV	[665-665]	665	10
COV	[666-666]	666	7
COV	[667-667]	667	6
COV	[668-668]	668	5
COV	[669-669]	669	1
COV	[670-670]	670	3
COV	[671-671]	671	6
COV	[672-672]	672	6
COV	[673-673]	673	5
COV	[674-674]	674	6
COV	[675-675]	675	6
COV	[676-676]	676	6
COV	[677-677]	677	2
COV	[678-678]	678	5
COV	[679-679]	679	4
COV	[680-680]	680	6
COV	[681-681]	681	2
COV	[682-682]	682	6
COV	[683-683]	683	2
COV	[684-684]	684	3
COV	[685-685]	685	6
COV	[686-686]	686	3
COV	[687-687]	687	2
COV	[688-688]	688	6
COV	[689-689]	689	6
COV	[690-690]	690	6
COV	[691-691]	691	10
COV	[692-692]	692	9
COV	[693-693]	693	9
COV	[694-694]	694	12
COV	[695-695]	695	12
COV	[696-696]	696	9
COV	[697-697]	697	5
COV	[698-698]	698	5
COV	[699-699]	699	7
COV	[700-700]	700	6
COV	[701-701]	701	13
COV	[702-702]	702	10
COV	[703-703]	703	14
COV	[704-704]	704	2
COV	[705-705]	705	7
COV	[706-706]	706	4
COV	[707-707]	707	3
COV	[708-708]	708	5
COV	[709-709]	709	2
COV	[710-710]	710	1
COV	[711-711]	711	2
COV	[712-712]	712	3
COV	[713-713]	713	2
COV	[714-714]	714	4
COV	[715-715]	715	3
COV	[716-716]	716	4
COV	[717-717]	717	2
COV	[718-718]	718	2
COV	[719-719]	719	4
COV	[720-720]	720	3
COV	[721-721]	721	2
COV	[722-722]	722	3
COV	[723-723]	723	5
COV	[724-724]	724	5
COV	[725-725]	725	1
COV	[726-726]	726	2
COV	[727-727]	727	5
COV	[728-728]	728	4
COV	[729-729]	729	2
COV	[730-730]	730	5
COV	[731-731]	731	3
COV	[732-732]	732	5
COV	[733-733]	733	8
COV	[734-734]	734	3
COV	[735-735]	735	9
COV	[736-736]	736	6
COV	[737-737]	737	12
COV	[738-738]	738	3
COV	[739-739]	739	4
COV	[740-740]	740	5
COV	[741-741]	741	5
COV	[742-742]	742	2
COV	[743-743]	743	4
COV	[744-744]	744	1
COV	[745-745]	745	6
COV	[746-746]	746	6
COV	[747-747]	747	4
COV	[748-748]	748	2
COV	[749-749]	749	5
COV	[750-750]	750	4
COV	[751-751]	751	8
COV	[752-752]	752	3
COV	[753-753]	753	7
COV	[754-754]	754	4
COV	[755-755]	755	8
COV	[756-756]	756	9
COV	[757-757]	757	11
COV	[758-758]	758	11
COV	[759-759]	759	3
COV	[760-760]	760	7
COV	[761-761]	761	5
COV	[762-762]	762	5
COV	[763-763]	763	4
COV	[764-764]	764	5
COV	[765-765]	765	7
COV	[766-766]	766	5
COV	[767-767]	767	2
COV	[768-768]	768	3
COV	[769-769]	769	3
COV	[770-770]	770	6
COV	[771-771]	771	3
COV	[772-772]	772	8
COV	[773-773]	773	9
COV	[774-774]	774	5
COV	[775-775]	775	3
COV	[776-776]	776	11
COV	[777-777]	777	9
COV	[778-778]	778	6
COV	[779-779]	779	13
COV	[780-780]	780	6
COV	[781-781]	781	6
COV	[782-782]	782	12
COV	[783-783]	783	12
COV	[784-784]	784	5
COV	[785-785]	785	4
COV	[786-786]	786	3
COV	[787-787]	787	4
COV	[788-788]	788	2
COV	[789-789]	789	4
COV	[790-790]	790	2
COV	[791-791]	791	1
COV	[792-792]	792	6
COV	[793-793]	793	4
COV	[794-794]	794	5
COV	[795-795]	795	5
COV	[796-796]	796	1
COV	[797-797]	797	4
COV	[798-798]	798	4
COV	[799-799]	799	3
COV	[800-800]	800	2
COV	[801-801]	801	4
COV	[802-802]	802	2
COV	[803-803]	803	4
COV	[804-804]	804	5
COV	[805-805]	805	4
COV	[806-806]	806	7
COV	[807-807]	807	7
COV	[808-808]	808	8
COV	[809-809]	809	4
COV	[810-810]	810	6
COV	[811-811]	811	7
COV	[812-812]	812	8
COV	[813-813]	813	5
COV	[814-814]	814	6
COV	[815-815]	815	5
COV	[816-816]	816	10
COV	[817-817]	817	9
COV	[818-818]	818	7
COV	[819-819]	819	8
COV	[820-820]	820	12
COV	[821-821]	821	7
COV	[822-822]	822	2
COV	[823-823]	823	6
COV	[824-824]	824	8
COV	[825-825]	825	6
COV	[826-826]	826	3
COV	[827-827]	827	4
COV	[828-828]	828	2
COV	[829-829]	829	3
COV	[830-830]	830	4
COV	[831-831]	831	7
COV	[832-832]	832	5
COV	[833-833]	833	11
COV	[834-834]	834	7
COV	[835-835]	835	8
COV	[836-836]	836	2
COV	[837-837]	837	3
COV	[838-838]	838	2
COV	[839-839]	839	5
COV	[840-840]	840	4
COV	[841-841]	841	5
COV	[842-842]	842	2
COV	[843-843]	843	6
COV	[844-844]	844	5
COV	[845-845]	845	9
COV	[846-846]	846	6
COV	[847-847]	847	3
COV	[848-848]	848	7
COV	[849-849]	849	11
COV	[850-850]	850	8
COV	[851-851]	851	13
COV	[852-852]	852	6
COV	[853-853]	853	5
COV	[854-854]	854	8
COV	[855-855]	855	2
COV	[856-856]	856	2
COV	[857-857]	857	7
COV	[858-858]	858	7
COV	[859-859]	859	5
COV	[860-860]	860	9
COV	[861-861]	861	6
COV	[862-862]	862	7
COV	[863-863]	863	5
COV	[865-865]	865	2
COV	[866-866]	866	2
COV	[867-867]	867	3
COV	[868-868]	868	2
COV	[869-869]	869	4
COV	[870-870]	870	3
COV	[872-872]	872	4
COV	[873-873]	873	3
COV	[874-874]	874	2
COV	[875-875]	875	4
COV	[877-877]	877	3
COV	[878-878]	878	3
COV	[879-879]	879	7
COV	[880-880]	880	3
COV	[881-881]	881	2
COV	[882-882]	882	3
COV	[883-883]	883	4
COV	[884-884]	884	5
COV	[885-885]	885	2
COV	[886-886]	886	1
COV	[887-887]	887	4
COV	[888-888]	888	6
COV	[889-889]	889	2
COV	[890-890]	890	7
COV	[891-891]	891	1
COV	[892-892]	892	2
COV	[893-893]	893	3
COV	[894-894]	894	7
COV	[895-895]	895	6
COV	[896-896]	896	3
COV	[897-897]	897	2
COV	[898-898]	898	3
COV	[899-899]	899	6
COV	[900-900]	900	3
COV	[901-901]	901	6
COV	[902-902]	902	5
COV	[903-903]	903	5
COV	[904-904]	904	8
COV	[905-905]	905	2
COV	[906-906]	906	4
COV	[907-907]	907	3
COV	[908-908]	908	1
COV	[909-909]	909	8
COV	[910-910]	910	4
COV	[911-911]	911	5
COV	[912-912]	912	4
COV	[913-913]	913	5
COV	[914-914]	914	6
COV	[915-915]	915	6
COV	[916-916]	916	2
COV	[917-917]	917	6
COV	[918-918]	918	2
COV	[919-919]	919	3
COV	[920-920]	920	5
COV	[921-921]	921	5
COV	[922-922]	922	5
COV	[923-923]	923	3
COV	[924-924]	924	6
COV	[925-925]	925	2
COV	[927-927]	927	1
COV	[929-929]	929	1
COV	[930-930]	930	3
COV	[931-931]	931	3
COV	[932-932]	932	1
COV	[933-933]	933	1
COV	[935-935]	935	5
COV	[936-936]	936	1
COV	[937-937]	937	2
COV	[939-939]	939	1
COV	[941-941]	941	2
COV	[942-942]	942	2
COV	[944-944]	944	1
COV	[945-945]	945	4
COV	[947-947]	947	3
COV	[948-948]	948	3
COV	[949-949]	949	2
COV	[950-950]	950	4
COV	[951-951]	951	3
COV	[952-952]	952	10
COV	[953-953]	953	7
COV	[954-954]	954	1
COV	[955-955]	955	6
COV	[956-956]	956	4
COV	[957-957]	957	2
COV	[958-958]	958	1
COV	[959-959]	959	4
COV	[961-961]	961	2
COV	[962-962]	962	7
COV	[963-963]	963	1
COV	[966-966]	966	4
COV	[967-967]	967	2
COV	[968-968]	968	3
COV	[969-969]	969	4
COV	[970-970]	970	2
COV	[971-971]	971	1
COV	[972-972]	972	1
COV	[973-973]	973	2
COV	[974-974]	974	2
COV	[975-975]	975	1
COV	[976-976]	976	3
COV	[977-977]	977	4
COV	[978-978]	978	1
COV	[980-980]	980	2
COV	[981-981]	981	1
COV	[982-982]	982	3
COV	[983-983]	983	3
COV	[986-986]	986	2
COV	[988-988]	988	3
COV	[989-989]	989	3
COV	[990-990]	990	1
COV	[991-991]	991	2
COV	[992-992]	992	5
COV	[993-993]	993	3
COV	[994-994]	994	5
COV	[995-995]	995	11
COV	[996-996]	996	4
COV	[998-998]	998	3
COV	[999-999]	999	6
COV	[1000-1000]	1000	1
COV	[1000<]	1000	761
# GC-depth. Use `grep ^GCD | cut -f 2-` to extract this part. The columns are: GC%, unique sequence percentiles, 10th, 25th, 50th, 75th and 90th depth percentile
GCD	0.0	1.183	0.000	0.000	0.000	0.000	0.000
GCD	2.0	1.775	0.025	0.025	0.025	0.025	0.025
GCD	31.0	2.959	0.010	0.010	0.904	1.797	1.797
GCD	32.0	4.142	0.267	0.267	0.287	0.307	0.307
GCD	33.0	5.917	0.005	0.005	1.624	2.050	2.050
GCD	34.0	7.692	0.139	0.139	0.594	1.139	1.139
GCD	35.0	10.651	0.411	0.582	1.030	2.743	4.268
GCD	36.0	18.935	0.213	0.430	0.948	1.641	2.904
GCD	37.0	23.077	0.287	0.406	0.852	2.327	7.977
GCD	38.0	28.994	0.047	0.436	1.146	1.938	3.006
GCD	39.0	40.828	0.571	1.242	3.377	6.179	11.351
GCD	40.0	63.314	1.541	3.019	5.120	8.800	18.934
GCD	41.0	85.799	1.721	2.846	4.929	10.138	20.950
GCD	42.0	94.675	1.442	3.619	7.085	12.770	29.804
GCD	43.0	96.450	5.179	5.179	14.829	15.765	15.765
GCD	44.0	97.041	0.456	0.456	0.456	0.456	0.456
GCD	45.0	98.225	0.054	0.054	0.438	0.822	0.822
GCD	46.0	99.408	7.442	7.442	13.663	19.885	19.885
GCD	47.0	100.000	21.796	21.796	21.796	21.796	21.796
