# This file was produced by samtools stats (1.21+htslib-1.21) and can be plotted using plot-bamstats
# This file contains statistics for all reads.
# The command line was:  stats ../../../mapping/transcriptome/ERR1797969_sorted.bam
# CHK, Checksum	[2]Read Names	[3]Sequences	[4]Qualities
# CHK, CRC32 of reads which passed filtering followed by addition (32bit overflow)
CHK	b43b54db	1b70fd2e	61732183
# Summary Numbers. Use `grep ^SN | cut -f 2-` to extract this part.
SN	raw total sequences:	253144	# excluding supplementary and secondary reads
SN	filtered sequences:	0
SN	sequences:	253144
SN	is sorted:	1
SN	1st fragments:	126572
SN	last fragments:	126572
SN	reads mapped:	250871
SN	reads mapped and paired:	250860	# paired-end technology bit set + both mates mapped
SN	reads unmapped:	2273
SN	reads properly paired:	245632	# proper-pair bit set
SN	reads paired:	253144	# paired-end technology bit set
SN	reads duplicated:	0	# PCR or optical duplicate bit set
SN	reads MQ0:	3841	# mapped and MQ=0
SN	reads QC failed:	0
SN	non-primary alignments:	0
SN	supplementary alignments:	277
SN	total length:	25068392	# ignores clipping
SN	total first fragment length:	12540857	# ignores clipping
SN	total last fragment length:	12527535	# ignores clipping
SN	bases mapped:	24853724	# ignores clipping
SN	bases mapped (cigar):	24230793	# more accurate
SN	bases trimmed:	0
SN	bases duplicated:	0
SN	mismatches:	116540	# from NM fields
SN	error rate:	4.809583e-03	# mismatches / bases mapped (cigar)
SN	average length:	99
SN	average first fragment length:	99
SN	average last fragment length:	99
SN	maximum length:	100
SN	maximum first fragment length:	100
SN	maximum last fragment length:	100
SN	average quality:	37.3
SN	insert size average:	137.1
SN	insert size standard deviation:	50.2
SN	inward oriented pairs:	109397
SN	outward oriented pairs:	15868
SN	pairs with other orientation:	15
SN	pairs on different chromosomes:	150
SN	percentage of properly paired reads (%):	97.0
# First Fragment Qualities. Use `grep ^FFQ | cut -f 2-` to extract this part.
# Columns correspond to qualities and rows to cycles. First column is the cycle number.
FFQ	1	0	0	0	0	0	0	0	0	0	0	126	0	0	0	0	0	293	0	0	5	0	0	45	364	0	489	1087	1525	1205	0	6185	38096	0	10912	66240	0	0	0	0	0	0	0	0
FFQ	2	0	0	0	0	0	0	0	0	0	0	302	0	0	0	0	0	397	0	0	2	0	0	146	331	0	427	984	1761	942	0	4835	33672	0	5771	77002	0	0	0	0	0	0	0	0
FFQ	3	0	0	0	0	0	0	0	0	0	0	112	0	0	0	0	0	376	0	0	5	0	0	152	292	0	532	924	1753	1149	0	4959	32296	0	5937	78074	11	0	0	0	0	0	0	0
FFQ	4	0	0	0	0	0	0	0	0	0	0	108	0	0	0	0	0	128	0	0	122	0	0	117	0	0	296	470	40	658	4	1278	34	1884	3190	0	24198	0	94045	0	0	0	0	0
FFQ	5	0	0	0	0	0	0	0	0	0	0	100	0	0	0	0	0	131	0	0	82	0	0	103	0	0	253	393	36	551	7	1130	44	1666	2798	0	25576	0	93702	0	0	0	0	0
FFQ	6	0	0	0	0	0	0	0	0	16	0	107	12	0	0	0	7	41	74	63	39	0	20	10	111	0	260	374	66	322	226	1058	233	1930	2397	0	22148	2682	94376	0	0	0	0	0
FFQ	7	0	0	0	0	0	0	0	0	13	0	84	14	0	0	0	17	27	78	58	44	0	23	13	129	0	280	378	83	311	236	1074	238	1932	2412	0	22275	2421	94432	0	0	0	0	0
FFQ	8	0	0	0	0	0	0	0	0	21	0	65	13	0	0	0	11	57	63	58	39	0	13	13	121	0	253	371	122	301	263	1124	261	1949	2284	0	22276	2380	94504	0	10	0	0	0
FFQ	9	0	0	0	0	0	0	0	0	18	0	75	22	0	0	0	19	52	79	72	51	0	32	8	130	0	309	136	395	246	260	1091	239	1720	1610	1182	6612	3	13813	8666	89732	0	0	0
FFQ	10	0	0	0	0	0	0	0	0	20	0	65	11	0	0	0	32	37	80	65	32	0	20	6	143	0	294	148	500	208	247	1142	289	1779	1662	1353	6496	1	14226	8325	89391	0	0	0
FFQ	11	0	0	0	0	0	0	0	0	11	0	64	11	1	0	0	13	43	78	67	37	0	22	13	125	2	253	175	536	110	228	1105	204	1718	1576	1209	6477	3	14294	8306	89891	0	0	0
FFQ	12	0	0	0	0	0	0	0	0	26	1	122	19	0	0	0	13	28	93	68	32	0	23	11	147	3	275	190	593	49	273	1070	210	1709	1691	1134	6664	1	13878	8495	89754	0	0	0
FFQ	13	0	0	0	0	0	0	0	0	13	1	66	21	0	0	0	14	37	77	54	31	0	19	15	111	0	269	163	577	67	236	1073	159	1760	1734	1148	6512	1	13597	8515	90291	3	8	0
FFQ	14	0	0	0	0	0	0	0	0	15	0	79	23	0	0	0	1	41	87	70	55	0	17	11	45	91	255	125	582	50	273	453	776	1124	1768	1299	1150	4051	3746	11481	9453	26722	62729	0
FFQ	15	0	0	0	0	0	0	0	0	10	0	84	22	1	0	1	2	37	120	61	54	0	20	15	50	91	256	123	592	69	246	477	707	1158	1734	1306	1092	4024	3878	11470	10124	26692	62056	0
FFQ	16	0	0	0	0	0	0	0	0	16	1	57	11	0	0	0	3	44	90	64	52	0	34	13	48	85	273	131	588	53	287	445	733	1114	1827	1264	1235	3968	3730	11255	9363	26774	63014	0
FFQ	17	0	0	0	0	0	0	0	0	15	1	54	15	0	0	0	2	41	75	60	50	0	26	12	38	64	248	128	486	46	247	451	716	1094	1765	1315	1226	3988	3721	11245	9461	26530	63452	0
FFQ	18	0	0	0	0	0	0	0	0	13	8	36	14	0	0	0	2	42	53	48	54	0	15	9	47	112	241	97	526	50	235	477	754	1022	1807	1265	1245	3878	3602	11334	9519	26398	63669	0
FFQ	19	0	0	0	0	0	0	0	1	6	2	51	15	0	0	1	4	34	5	118	45	0	17	10	44	103	197	131	550	37	315	492	666	998	1048	2038	1217	3361	3595	8942	10973	26826	64730	0
FFQ	20	0	0	0	0	0	0	0	0	11	5	44	9	0	0	0	7	31	12	94	46	0	27	9	49	124	194	131	523	40	302	473	651	998	1048	1884	1243	3355	3573	8910	10636	26457	65686	0
FFQ	21	0	0	0	0	0	0	0	2	12	3	53	13	0	0	1	10	31	9	88	44	1	17	5	58	141	205	101	458	38	269	509	713	886	1050	1931	1310	3337	3521	8957	10548	26396	65855	0
FFQ	22	0	0	0	0	0	0	0	0	21	7	87	20	1	0	1	8	27	28	91	57	2	18	12	46	167	165	112	498	37	305	494	690	933	1092	1961	1256	3347	3446	8929	10635	26282	65797	0
FFQ	23	0	0	0	0	0	0	0	0	6	10	49	14	0	0	1	11	31	26	120	56	0	23	17	46	169	192	132	571	40	275	547	719	1029	1057	1998	1386	3413	3940	9272	11602	26069	63751	0
FFQ	24	0	0	0	0	0	0	0	0	30	18	73	6	0	0	0	7	46	28	95	60	1	16	8	51	163	164	112	507	40	268	594	680	955	1086	1984	1360	3350	3781	9143	11246	25025	65675	0
FFQ	25	0	0	0	0	0	0	2	1	20	17	40	2	0	0	0	11	40	31	75	66	0	24	7	58	187	217	130	473	31	277	597	728	904	1068	1927	1401	3335	3756	9334	10710	25803	65300	0
FFQ	26	0	0	0	0	0	0	0	0	18	23	66	3	1	0	0	8	40	25	83	46	2	13	10	56	189	175	138	520	46	248	642	719	909	1132	2003	1567	3385	3969	9663	11157	25757	63959	0
FFQ	27	0	0	0	0	0	0	0	0	46	22	36	4	0	0	1	14	63	26	64	58	1	20	9	63	210	285	128	413	50	269	925	744	754	1084	2075	1628	3600	4133	10077	11305	25961	62504	0
FFQ	28	0	0	1	0	0	0	0	1	30	31	27	4	1	0	2	14	42	24	71	49	0	23	12	70	272	181	94	384	46	286	808	661	732	1164	2012	1745	3420	3861	10379	10780	26556	62789	0
FFQ	29	0	0	0	0	0	0	0	4	43	42	33	3	1	3	1	28	61	34	57	50	4	25	14	84	233	183	142	364	63	269	785	708	754	1152	1942	1844	3223	3910	10490	10761	27409	61853	0
FFQ	30	0	0	0	0	0	0	0	2	61	63	51	0	0	1	1	26	74	67	54	56	4	37	10	79	246	218	144	382	53	258	842	703	743	1088	1781	1940	3205	3932	10360	10175	27720	62196	0
FFQ	31	0	0	0	0	0	0	0	5	41	34	24	0	0	0	1	30	75	29	41	58	4	35	14	92	221	228	121	385	52	251	916	688	638	1219	1832	2047	3079	3736	10507	9916	27618	62635	0
FFQ	32	0	0	0	0	0	0	1	3	48	74	27	0	3	1	4	23	70	26	53	49	1	33	29	86	203	219	132	346	85	266	877	694	641	1206	1829	2186	2969	3738	10500	9565	27533	63052	0
FFQ	33	0	0	0	0	0	0	2	1	19	42	6	0	1	0	1	43	61	16	53	56	3	46	20	77	206	243	151	389	69	267	942	781	632	1279	1747	2343	3016	3788	10388	9342	27673	62869	0
FFQ	34	0	0	0	0	0	0	3	2	23	41	6	0	1	1	3	36	53	11	68	53	2	52	18	78	243	242	136	346	82	299	982	773	640	1336	1670	2498	2825	3928	10559	9043	27735	62784	0
FFQ	35	0	0	0	0	0	0	5	6	57	91	2	0	3	5	6	45	95	7	50	54	6	50	23	89	242	286	171	320	110	240	1109	763	565	1414	1694	2701	2613	4022	11180	9194	27257	62097	0
FFQ	36	0	0	0	0	0	0	5	2	38	54	1	0	4	2	6	58	49	7	25	65	14	33	28	104	212	218	167	305	111	259	981	787	602	1424	1582	2707	2632	3815	10949	9064	27412	62850	0
FFQ	37	0	0	0	0	0	0	1	3	28	49	0	0	2	5	4	41	60	4	52	45	9	52	20	85	279	216	181	304	91	270	907	788	563	1489	1587	2745	2613	3951	10844	8693	27490	63101	0
FFQ	38	0	0	0	0	0	0	3	6	37	50	0	0	1	5	9	50	35	12	57	45	2	56	28	107	243	201	179	299	136	279	911	820	561	1602	1450	2733	2681	3987	10725	8923	27324	63015	0
FFQ	39	0	0	0	0	0	0	1	2	31	50	0	0	3	8	8	66	33	8	47	55	10	56	31	91	246	199	153	260	143	261	947	779	588	1622	1374	2888	2604	3861	10378	8795	27270	63704	0
FFQ	40	0	0	0	0	0	0	2	6	26	40	0	0	3	4	8	65	26	5	27	72	11	63	44	86	259	186	181	310	154	323	881	867	585	1588	1405	2949	2598	4049	10287	8716	26982	63764	0
FFQ	41	0	0	0	0	0	0	5	14	54	68	1	0	5	7	14	71	31	12	49	73	7	64	37	107	263	176	186	336	164	278	891	859	610	1753	1416	2947	2540	4131	10517	8864	27052	62970	0
FFQ	42	0	0	0	0	0	0	5	9	24	57	0	1	4	10	12	63	13	15	44	50	16	51	40	97	264	135	212	313	208	312	933	890	641	1808	1405	3139	2619	4379	10263	9039	26812	62689	0
FFQ	43	0	0	0	0	0	0	1	13	30	54	0	1	3	8	12	55	9	14	53	62	10	57	63	126	262	108	187	314	230	291	877	875	665	1830	1432	3205	2632	4558	10411	9099	26632	62393	0
FFQ	44	0	0	0	0	0	0	6	15	25	53	0	0	2	9	11	47	20	12	64	56	12	52	58	151	245	116	238	303	235	350	894	981	688	1858	1520	3244	2830	4629	10227	10247	26567	60807	0
FFQ	45	0	0	0	0	0	0	5	20	31	25	0	0	5	15	20	39	13	11	42	63	16	74	49	143	246	115	208	287	309	319	844	967	810	1836	1559	3403	2928	4640	10253	10157	26486	60634	0
FFQ	46	0	0	0	0	0	0	6	33	51	64	0	1	4	15	22	60	10	11	51	65	18	56	60	162	279	91	248	342	264	338	815	959	751	1922	1620	3492	3166	5036	10194	10479	26256	59631	0
FFQ	47	0	0	0	0	0	0	3	14	47	43	0	0	6	14	18	67	8	34	55	55	24	66	64	242	251	83	300	297	349	313	944	977	814	2103	1665	3864	3134	5494	10382	11664	25887	57291	0
FFQ	48	0	0	0	0	0	0	2	20	37	34	0	0	5	17	25	38	10	24	42	71	33	65	76	185	268	62	345	292	398	321	825	1013	791	1979	1870	3744	3404	5708	10324	12106	25355	57083	0
FFQ	49	0	0	0	0	0	0	12	31	39	36	1	1	7	19	23	45	12	21	44	61	29	62	85	195	238	60	350	304	379	373	772	1032	832	1929	1902	3940	3542	6316	9138	12446	25551	56745	0
FFQ	50	0	0	0	0	0	0	7	30	44	37	0	2	9	21	24	41	9	23	51	60	35	58	92	220	276	44	359	307	467	393	738	1024	862	2034	2063	4266	3575	6804	9085	12981	24949	55582	0
FFQ	51	0	0	0	0	0	0	14	30	49	38	2	3	12	27	33	18	13	26	51	52	33	60	110	249	224	49	411	282	576	381	676	1163	901	1947	2388	4321	3854	7360	9002	12623	24874	54663	0
FFQ	52	0	0	0	0	0	0	8	36	29	26	0	3	9	32	28	13	14	22	51	70	49	78	105	258	198	51	406	250	638	368	676	1247	991	1918	2435	4679	4117	7901	8578	12769	23972	54421	0
FFQ	53	0	0	0	0	0	0	12	30	33	15	0	3	9	27	29	19	22	20	60	63	39	79	124	211	175	39	463	240	649	390	560	1225	1044	1846	2647	5146	4409	8050	8734	13003	23469	53483	0
FFQ	54	0	0	0	0	0	0	9	20	48	12	0	2	9	29	33	14	10	24	44	61	66	83	123	198	156	35	466	225	690	404	591	1291	1119	1856	2877	6098	4639	7716	8447	13654	22777	52464	0
FFQ	55	0	0	0	0	0	0	17	20	40	18	0	4	7	29	35	12	9	31	50	59	74	80	123	223	104	117	509	208	645	464	540	1344	1144	1750	3112	6159	5333	8167	8571	13954	22094	51167	0
FFQ	56	0	0	0	0	0	0	11	33	51	5	0	4	8	36	15	3	21	22	52	57	59	82	161	196	104	102	603	223	748	455	581	1409	1208	1799	3355	7280	5471	8079	8394	14445	21533	49539	0
FFQ	57	0	0	0	0	0	0	24	48	61	13	2	2	12	45	24	15	14	30	84	52	77	92	166	206	81	137	551	227	789	472	543	1472	1258	1852	3461	7731	6017	8332	8189	14895	20879	48212	0
FFQ	58	0	0	0	0	0	1	10	29	93	4	0	3	15	59	35	9	7	20	96	38	70	69	157	205	108	111	570	214	755	545	562	1519	1331	2065	3566	8414	6332	8993	7942	15768	19839	46424	0
FFQ	59	0	0	0	0	0	1	5	23	41	2	1	1	10	34	28	9	12	37	79	48	85	83	164	210	77	136	635	207	777	511	566	1590	1389	1972	3702	9367	6945	9372	7543	16031	19223	44986	0
FFQ	60	0	0	0	0	0	0	14	26	60	6	0	4	8	34	21	2	18	25	68	55	90	76	175	174	84	113	672	193	778	575	647	1604	1488	1975	3941	10347	7565	9664	7396	16686	17901	43339	0
FFQ	61	0	0	0	0	0	0	57	92	223	12	2	17	28	106	70	4	25	29	78	64	102	107	241	194	82	133	737	233	799	650	720	1707	1558	2220	4129	11528	7937	9964	7129	18034	16737	39961	0
FFQ	62	0	0	0	0	0	1	21	44	67	6	1	12	20	91	48	5	13	35	73	40	115	132	276	207	76	133	749	221	813	696	768	1652	1691	2322	4340	12750	8798	10815	6535	22663	14670	34723	0
FFQ	63	0	0	0	0	0	0	16	44	62	2	0	6	16	64	27	6	14	23	93	44	126	83	224	172	99	149	712	247	789	723	914	1584	1781	2386	4750	14038	9346	12590	5922	25290	12664	30533	0
FFQ	64	0	0	0	0	0	0	14	35	46	0	1	6	7	39	26	6	20	15	56	39	115	94	202	149	93	150	665	233	741	696	952	1531	1797	2553	4986	15403	10038	14226	5603	26708	11454	26736	0
FFQ	65	0	0	0	0	0	0	15	42	79	0	1	8	8	61	28	4	14	14	74	46	89	89	195	157	94	184	698	228	696	830	1005	1544	1863	2730	5184	17025	10846	15252	5189	29936	9285	21836	0
FFQ	66	0	0	0	0	0	0	14	44	63	0	0	9	10	48	26	1	14	27	104	39	104	80	229	126	135	157	712	207	713	902	1153	1512	1938	2701	5773	18868	11698	17515	4620	28542	8030	19139	0
FFQ	67	0	0	0	0	0	0	14	39	72	0	2	10	7	43	18	4	14	26	96	35	125	78	253	125	120	170	769	263	683	978	1165	1608	2095	2932	6376	22425	12632	16970	4275	27061	6890	16785	0
FFQ	68	0	0	0	0	0	1	17	44	51	1	0	13	9	48	19	9	12	24	125	41	108	107	227	142	110	192	863	218	583	1025	1269	1942	1876	3657	6387	25451	13131	23525	3288	20182	5935	14399	0
FFQ	69	0	0	0	0	0	0	9	41	31	0	2	7	6	26	28	5	21	54	91	34	143	112	194	190	131	181	929	260	642	1006	1447	1937	2000	4127	6871	27758	14071	24740	2799	18724	4869	11458	0
FFQ	70	0	0	0	0	0	1	15	50	32	0	2	8	11	24	18	10	16	33	119	34	110	116	155	138	176	225	904	282	582	1065	1420	1982	1955	4012	7517	29715	14966	25629	2530	17684	3834	9499	0
FFQ	71	0	0	0	0	0	1	6	42	33	0	3	10	5	25	19	6	16	39	109	42	148	101	139	167	164	196	919	310	514	1086	1544	1984	2010	4611	7543	32310	15341	26380	2118	16097	3127	7618	0
FFQ	72	0	0	0	0	0	1	6	66	26	0	4	13	8	27	27	1	16	27	109	20	162	117	118	154	210	211	916	305	581	1196	1503	2079	2376	4684	8886	39794	15940	21052	1724	14179	2402	5754	0
FFQ	73	0	0	0	0	0	2	8	59	21	0	5	14	8	39	20	5	14	40	107	35	157	96	98	170	157	256	849	289	498	1349	1417	1980	2458	4438	9994	43847	16369	19564	1443	12248	1879	4669	0
FFQ	74	0	0	0	0	0	1	8	51	13	0	5	17	5	17	20	3	16	40	114	31	168	98	92	164	167	276	937	272	535	1318	1440	2137	2463	4843	10376	47286	17550	17116	1221	10721	1483	3512	0
FFQ	75	0	0	0	0	0	1	7	64	14	0	7	14	7	26	19	6	16	43	90	35	171	117	80	187	185	284	861	318	463	1325	1528	2330	2412	5308	10209	47889	20187	16349	962	9171	1082	2641	0
FFQ	76	0	0	0	0	0	3	10	83	23	0	4	12	14	19	16	7	13	39	105	34	212	91	75	201	216	320	890	363	464	1411	1512	2374	2394	5600	10909	52805	16990	15817	768	7730	848	1931	0
FFQ	77	0	0	0	0	0	3	6	58	10	0	6	17	19	22	20	15	12	42	110	42	226	83	78	170	241	306	832	442	424	1478	1521	2416	2670	5703	11340	55306	17503	14177	607	6230	595	1471	0
FFQ	78	0	0	0	0	0	3	5	65	13	0	1	11	12	18	10	26	11	35	93	31	218	74	59	172	218	352	765	459	353	1457	1485	2305	2687	5641	12240	57217	18840	11963	449	5365	454	1001	0
FFQ	79	0	0	0	0	0	2	8	69	7	0	7	6	9	14	13	12	14	37	84	29	200	69	49	177	245	343	737	465	390	1402	1642	2258	2807	6041	12228	61581	17198	10190	366	4262	322	706	0
FFQ	80	0	0	0	0	0	1	6	55	9	0	8	15	6	8	10	19	20	36	100	39	190	53	45	180	222	379	654	419	365	1399	1477	2335	2697	5577	13158	64741	16428	8980	267	3309	212	494	0
FFQ	81	0	0	0	0	0	3	6	94	10	0	12	22	14	9	9	19	15	44	125	40	234	51	51	186	240	431	563	437	274	1458	1368	2271	2767	5636	13494	66332	16518	7883	214	2527	137	302	0
FFQ	82	0	0	0	0	0	0	1	60	7	0	4	10	20	11	13	9	9	47	107	43	215	54	31	187	284	425	577	536	270	1459	1465	2205	2704	5787	13583	67668	16549	7041	128	1943	74	178	0
FFQ	83	0	0	0	0	0	5	9	107	11	0	9	21	15	10	9	13	19	56	114	47	213	51	35	241	260	412	532	665	255	1344	1677	2309	2816	6608	12895	70347	14933	5857	98	1439	53	114	0
FFQ	84	0	0	0	0	0	2	6	75	1	0	8	25	13	10	13	15	22	45	101	69	246	46	29	258	267	486	504	606	197	1499	1414	2363	2810	6011	13880	72632	13685	4951	72	1052	25	58	0
FFQ	85	0	0	0	0	0	2	4	83	11	0	11	17	14	6	11	10	15	42	120	59	212	25	17	202	309	502	476	638	230	1524	1497	2355	2748	5705	14418	74931	12217	4112	52	761	7	34	0
FFQ	86	0	0	0	0	0	0	2	70	4	0	12	14	6	7	12	20	25	54	119	71	232	30	26	251	256	518	459	605	209	1509	1462	2428	2823	6198	13931	73997	14061	3330	34	480	10	17	0
FFQ	87	0	0	0	0	0	5	6	97	6	0	19	16	8	7	6	19	16	53	113	57	226	27	22	228	289	555	398	648	188	1454	1436	2426	2837	5970	14401	77098	11380	2795	30	318	5	8	0
FFQ	88	0	0	0	0	0	4	4	56	3	0	13	17	11	1	13	23	30	53	97	65	215	28	27	288	263	524	371	728	186	1421	1645	2436	2681	6751	13876	78557	10231	2230	14	206	2	6	0
FFQ	89	0	0	0	0	0	3	4	66	2	0	12	11	12	1	12	20	20	63	107	64	244	33	15	289	304	581	368	724	247	1530	1581	2457	2814	6997	13683	79489	9297	1784	8	142	0	0	0
FFQ	90	0	0	0	0	0	5	6	63	5	0	10	11	14	4	1	41	22	50	98	72	282	13	17	256	398	551	272	861	132	1539	1602	2418	2797	7366	13566	79881	8908	1533	6	71	1	0	0
FFQ	91	0	0	0	0	0	7	0	64	1	0	19	9	19	1	4	33	17	53	115	85	248	18	19	259	394	566	199	875	133	1612	1516	2377	2841	7561	13358	80781	8317	1213	3	39	0	0	0
FFQ	92	0	0	0	0	0	5	1	57	4	0	10	13	22	1	7	35	24	39	122	111	256	9	17	278	454	622	213	844	105	1649	1408	2609	2712	7558	13468	80546	8371	1031	1	26	0	0	0
FFQ	93	0	0	0	0	0	4	3	50	5	0	20	6	32	1	4	60	24	61	137	109	286	8	25	246	497	581	192	991	104	1808	1464	2601	2616	8030	13567	79999	8041	894	2	20	0	0	0
FFQ	94	0	0	0	0	0	8	3	55	2	0	17	5	18	0	7	31	23	56	132	90	261	2	15	236	486	597	173	966	74	1646	1558	2556	2692	7978	13303	80603	8027	733	1	9	0	0	0
FFQ	95	0	0	0	0	0	7	2	66	4	0	15	7	1	19	4	35	27	55	98	113	223	5	27	362	430	591	143	1069	88	1532	1566	2616	2727	8139	13202	81234	7177	612	1	5	0	0	0
FFQ	96	0	0	0	0	0	3	0	52	2	0	9	6	1	13	3	46	17	65	96	93	211	2	17	278	462	591	108	1009	65	1567	1483	2514	2701	8392	12710	81493	7549	507	0	0	0	0	0
FFQ	97	0	0	0	0	0	4	1	40	0	0	10	1	2	10	1	35	24	71	112	116	200	6	20	226	403	569	114	839	58	1676	1335	2517	2626	7440	13868	81832	7178	564	0	0	0	0	0
FFQ	98	0	0	0	0	0	3	0	38	0	0	8	2	0	19	1	42	26	40	100	104	164	0	14	239	421	572	75	845	43	1598	1375	2441	2591	7295	13688	82531	7073	408	0	0	0	0	0
FFQ	99	0	0	0	0	0	0	0	1	0	0	0	0	0	1	0	36	27	52	113	79	213	2	15	231	427	564	58	976	28	1632	1398	2438	2590	7441	13244	79602	10016	373	0	0	0	0	0
FFQ	100	0	0	0	0	0	0	0	0	0	0	0	0	0	0	0	0	0	0	0	0	215	2	25	253	445	558	50	1006	27	1597	1342	2458	2579	7608	13491	82161	6920	284	0	0	0	0	0
# Last Fragment Qualities. Use `grep ^LFQ | cut -f 2-` to extract this part.
# Columns correspond to qualities and rows to cycles. First column is the cycle number.
LFQ	1	0	0	0	0	0	0	0	0	0	0	182	0	0	0	0	0	815	0	1	31	0	0	48	385	1	1369	1126	1477	2685	37	8555	50859	0	14526	44475	0	0	0	0	0	0	0	0
LFQ	2	0	0	0	0	0	0	0	1	0	0	377	0	0	0	0	0	599	0	0	2	0	0	134	476	1	909	1265	1862	2065	26	7097	44840	0	10176	56742	0	0	0	0	0	0	0	0
LFQ	3	0	0	0	0	0	0	0	2	0	0	397	0	0	0	0	0	540	0	0	2	0	0	213	425	0	811	1272	2064	1822	27	6647	40651	0	9896	61803	0	0	0	0	0	0	0	0
LFQ	4	0	0	0	0	0	0	0	2	0	0	501	0	0	0	0	0	364	9	0	249	0	0	154	2	0	421	643	80	1172	7	1537	42	2982	4433	0	32211	0	81763	0	0	0	0	0
LFQ	5	0	0	0	0	0	0	0	2	0	0	464	0	0	0	0	0	296	16	0	263	0	0	184	1	1	439	688	73	1286	4	1654	55	3233	4666	0	33977	0	79270	0	0	0	0	0
LFQ	6	0	0	0	0	0	0	0	0	31	0	86	30	0	0	0	42	56	184	39	53	0	37	25	120	0	316	303	135	728	182	1100	685	2821	2946	1	29118	2887	84647	0	0	0	0	0
LFQ	7	0	0	0	0	0	0	0	0	48	0	76	14	0	0	0	43	38	109	47	55	0	29	21	145	2	304	309	134	491	218	1098	604	2464	2546	0	27008	2625	88144	0	0	0	0	0
LFQ	8	0	0	0	0	0	0	0	0	21	0	52	16	0	0	0	44	37	76	30	63	0	20	20	109	1	268	327	165	332	191	1034	491	2052	2327	0	25652	2555	90689	0	0	0	0	0
LFQ	9	0	0	0	0	0	0	0	0	24	0	42	25	0	0	0	21	34	76	43	64	1	9	23	111	1	262	131	462	237	247	1133	191	1651	1759	1137	6662	17	13660	8161	90388	0	0	0
LFQ	10	0	0	0	0	0	0	0	0	7	0	90	27	0	0	0	9	34	102	47	95	1	8	17	111	1	289	139	473	192	268	1174	122	1625	1950	1144	6534	8	13772	8130	90203	0	0	0
LFQ	11	0	0	0	0	0	0	0	0	4	1	79	35	0	0	0	7	22	117	50	73	0	12	17	96	2	256	104	589	135	251	1085	87	1714	1821	1221	6447	11	13680	7754	90902	0	0	0
LFQ	12	0	0	0	0	0	0	0	0	10	0	61	33	0	0	0	8	25	102	46	72	0	10	17	101	1	282	121	626	68	296	1110	102	1611	1840	1119	6374	15	13127	8111	91284	0	0	0
LFQ	13	0	0	0	0	0	0	0	0	19	0	58	42	0	0	0	24	22	83	48	77	1	9	14	139	4	239	141	611	36	294	1197	178	1711	1940	1135	6646	11	13308	8801	89784	0	0	0
LFQ	14	0	0	0	0	0	0	0	1	10	0	59	31	0	0	0	1	28	81	41	85	1	11	26	35	98	276	104	666	36	297	483	777	1203	1771	1399	1079	4303	3688	11134	9456	26757	62635	0
LFQ	15	0	0	0	0	0	0	0	1	5	0	56	42	0	0	0	1	24	101	41	89	0	5	20	14	96	256	97	646	58	293	466	756	1173	1856	1316	1091	4238	3660	11050	9037	26535	63549	0
LFQ	16	0	0	0	0	0	0	1	1	8	0	74	48	0	0	0	0	30	94	54	84	1	8	20	22	105	266	111	630	39	337	525	771	1165	1897	1348	1128	4092	3544	11033	8766	26202	64168	0
LFQ	17	0	0	0	0	0	0	0	0	7	1	73	22	0	0	0	2	22	86	42	67	0	10	21	16	91	227	85	651	39	272	418	744	1152	1742	1254	1044	4087	3503	10680	8998	25657	65559	0
LFQ	18	0	0	0	0	0	0	0	0	11	1	66	30	0	0	0	2	28	86	61	64	0	7	18	38	87	234	103	655	41	283	480	685	1106	1786	1277	1128	4139	3479	10921	8892	26493	64371	0
LFQ	19	0	0	0	0	0	0	0	0	5	2	66	29	0	0	0	1	16	8	122	73	0	8	24	31	99	262	95	661	37	276	500	731	1186	1098	2105	1072	3550	3478	8326	11924	27636	63151	0
LFQ	20	0	0	0	0	0	0	0	0	13	1	62	43	0	0	0	2	18	13	135	71	0	9	12	33	108	238	75	696	38	268	501	711	1202	1068	2074	1109	3410	3609	8163	12912	27578	62400	0
LFQ	21	0	0	0	0	0	0	0	0	15	6	67	44	0	0	0	3	32	15	130	89	0	18	17	34	113	265	91	680	34	280	493	806	1166	1134	2137	1158	3519	3629	8192	12695	27235	62475	0
LFQ	22	0	0	0	0	0	0	0	0	20	3	71	47	0	0	1	0	27	18	147	93	1	12	14	42	142	249	85	752	34	294	537	764	1265	1132	2212	1132	3610	3967	8051	14291	26931	60628	0
LFQ	23	0	0	0	0	0	0	0	1	10	4	61	27	0	0	0	6	31	32	107	78	0	22	15	44	165	207	88	652	36	285	553	731	1300	1153	2175	1118	3564	4116	8253	14228	27146	60364	0
LFQ	24	0	0	0	0	0	0	0	1	12	5	69	23	0	1	0	10	24	31	90	93	0	9	13	44	166	204	82	594	41	317	607	800	1052	1193	2087	1242	3540	3574	8806	11157	26339	64346	0
LFQ	25	0	0	0	0	0	0	0	1	15	13	59	20	0	0	3	6	28	33	72	84	0	9	15	42	205	206	85	628	38	333	562	785	978	1122	1972	1234	3497	3434	8722	10682	25872	65817	0
LFQ	26	0	0	0	0	0	0	0	0	23	25	88	34	0	0	0	9	42	42	98	93	1	10	20	47	246	178	80	635	53	336	683	813	1043	1161	2030	1212	3608	3340	8845	10027	25848	65902	0
LFQ	27	0	0	0	0	0	0	0	0	33	24	107	16	0	0	0	17	47	44	81	102	3	16	19	43	235	211	90	603	37	343	658	817	998	1185	2048	1336	3610	3398	9125	9341	25367	66618	0
LFQ	28	0	0	0	0	0	0	0	1	19	22	64	13	0	0	0	17	73	44	63	111	1	19	13	60	303	201	92	622	53	319	803	758	952	1275	2049	1447	3685	3643	9268	9632	26249	64701	0
LFQ	29	0	0	0	0	0	0	0	1	16	28	73	4	0	0	0	10	47	33	64	81	0	23	20	73	281	168	89	543	39	305	834	780	940	1207	2014	1400	3525	3526	9305	9718	26201	65224	0
LFQ	30	0	0	0	0	0	0	1	1	24	42	39	2	0	0	0	21	64	40	42	94	3	21	18	58	278	178	104	492	85	304	853	727	832	1287	1940	1487	3552	3496	9926	8707	26410	65444	0
LFQ	31	0	0	0	0	0	0	1	0	33	38	31	0	1	1	3	23	55	22	50	74	2	27	26	90	255	226	136	428	64	285	888	751	817	1193	1872	1586	3478	3531	9718	8352	25879	66636	0
LFQ	32	0	0	0	0	0	0	0	1	56	51	28	0	2	1	0	22	71	25	44	66	2	31	12	82	261	223	146	380	81	318	923	776	761	1305	1686	1776	3214	3418	9904	7969	26054	66883	0
LFQ	33	0	0	0	0	0	0	0	0	68	63	41	0	2	0	1	52	93	15	43	70	2	60	25	104	225	321	122	420	93	287	975	858	837	1394	1608	1952	3120	3337	10326	7583	26823	65652	0
LFQ	34	0	0	0	0	0	0	0	5	40	57	14	0	1	1	2	77	82	18	38	63	2	86	22	100	226	379	97	466	81	321	1063	881	829	1460	1530	2222	3064	3429	10410	7539	26591	65376	0
LFQ	35	0	0	0	0	0	0	0	6	41	66	7	1	0	0	4	69	68	16	40	76	0	106	20	119	291	349	99	422	69	312	1121	1022	734	1529	1511	2514	2889	3702	10774	7917	26994	63684	0
LFQ	36	0	0	0	0	0	0	1	9	38	74	9	0	0	7	7	91	62	5	39	67	5	113	32	95	281	311	123	369	86	291	1139	948	718	1565	1520	2641	2817	3812	10712	7856	27342	63387	0
LFQ	37	0	0	0	0	0	0	0	17	37	49	0	0	3	9	9	56	53	13	45	67	5	80	35	110	255	261	137	360	86	268	1122	881	730	1610	1434	2620	2748	3805	10743	7831	26792	64301	0
LFQ	38	0	0	0	0	0	0	0	9	18	69	1	0	0	5	5	38	35	7	62	61	4	59	30	116	269	233	161	366	135	266	1060	776	639	1566	1512	2556	2623	3713	10691	7609	26532	65346	0
LFQ	39	0	0	0	0	0	0	10	7	30	51	0	0	9	4	8	51	47	10	51	73	9	56	47	141	253	210	171	416	222	287	933	835	672	1727	1497	2476	2539	3690	10114	7756	26616	65554	0
LFQ	40	0	0	0	0	0	0	3	4	35	53	0	0	6	8	7	53	28	6	39	82	3	54	37	157	264	198	129	400	249	341	948	868	687	1772	1648	2478	2615	3751	10209	7656	26817	64967	0
LFQ	41	0	0	0	0	0	0	2	10	33	70	0	0	1	4	10	56	32	3	49	86	4	58	29	150	292	183	172	424	248	349	908	893	717	1842	1705	2537	2780	3734	10769	7441	27918	63063	0
LFQ	42	0	0	0	0	0	0	6	7	42	58	0	0	6	5	7	50	35	9	64	77	6	60	46	150	323	186	218	401	266	403	898	987	767	1967	1720	2604	2665	4115	10994	7760	28246	61424	0
LFQ	43	0	0	0	0	0	0	6	5	35	53	0	0	3	12	13	38	30	13	65	70	6	61	49	175	288	145	235	344	294	349	880	948	781	1949	1742	2700	2585	4148	10586	8128	28328	61508	0
LFQ	44	0	0	0	0	0	0	5	28	33	62	0	0	1	14	12	60	20	30	47	85	15	57	53	167	288	126	279	298	387	340	865	1035	730	1776	1760	2654	2599	4185	10617	8033	27640	62271	0
LFQ	45	0	0	0	0	0	0	3	49	31	41	0	0	1	61	12	45	20	36	38	69	19	89	61	271	266	146	287	310	622	333	867	1182	821	2044	2044	2677	2571	5016	10938	8625	27766	59211	0
LFQ	46	0	0	0	0	0	0	9	62	84	84	0	0	8	78	13	86	15	39	56	58	22	116	73	293	269	155	349	344	754	331	841	1582	904	1905	2245	2882	2721	5579	11612	9728	27920	55355	0
LFQ	47	0	0	0	0	0	0	7	53	43	54	0	0	8	103	28	81	32	21	54	62	33	150	87	364	293	127	378	324	980	298	863	1765	920	1863	2538	2835	2693	6027	11634	11120	28006	52728	0
LFQ	48	0	0	0	0	0	0	10	47	60	31	0	2	9	90	21	84	29	15	58	68	44	141	102	385	264	92	399	276	848	355	859	1735	1024	2038	2386	2983	3119	6149	12050	12066	28276	50457	0
LFQ	49	0	0	0	0	0	0	23	27	51	56	0	0	29	23	37	57	19	12	52	107	119	79	143	226	247	106	536	336	550	325	801	1448	1191	2238	1869	3232	3930	4377	10712	13006	28812	51796	0
LFQ	50	0	0	0	0	0	0	23	30	33	42	0	1	47	16	52	40	24	11	36	122	123	95	142	220	267	162	508	402	571	379	753	1409	1345	2241	1754	2984	4239	4357	10360	13312	28130	52342	0
LFQ	51	0	0	0	0	0	0	31	19	42	36	0	3	52	27	58	33	5	13	46	136	132	81	128	236	235	299	368	426	821	410	824	1096	1569	2260	1977	2892	5361	5033	9234	19689	23858	49024	0
LFQ	52	0	0	0	0	0	0	19	27	41	33	0	5	27	30	28	24	10	28	62	106	94	85	160	193	207	193	354	312	860	390	878	1023	1538	1894	2423	3033	5648	5353	8770	21356	23033	48127	0
LFQ	53	0	0	0	0	0	0	16	40	40	28	1	0	9	67	26	26	22	28	63	76	42	193	151	173	239	55	401	281	863	432	1107	1042	1707	1632	2857	3222	5840	6245	8509	22942	21737	46169	0
LFQ	54	0	0	0	0	0	0	5	31	43	31	0	2	10	30	19	17	21	22	53	71	42	105	198	178	201	48	490	273	726	509	1004	1187	1357	2129	2526	3892	5755	12173	8387	19062	21091	44494	0
LFQ	55	0	0	0	0	0	1	20	49	79	28	0	3	19	40	23	22	35	16	75	68	58	90	179	165	126	121	578	237	654	523	777	1286	1282	1982	2625	4194	5656	14478	8372	18073	20092	44055	0
LFQ	56	0	0	0	0	0	0	7	25	39	23	1	3	12	33	37	14	14	24	70	60	62	67	200	229	157	121	639	302	657	608	715	1539	1181	2233	2919	5080	5784	19263	7894	13249	19845	42888	0
LFQ	57	0	0	0	0	0	0	32	28	96	23	0	14	16	55	30	9	12	12	65	78	95	75	220	192	217	114	768	339	676	607	916	1663	1202	2691	3243	6114	6150	18862	7277	12542	19137	42326	0
LFQ	58	0	0	0	0	0	1	19	24	70	12	0	4	12	64	34	10	12	18	90	55	59	58	265	186	157	96	937	249	634	668	938	1818	1235	2450	3753	6724	7148	18253	7362	12435	18350	41602	0
LFQ	59	0	0	0	0	0	0	8	26	54	13	0	6	2	56	26	9	16	26	85	61	70	94	280	196	149	100	866	262	732	758	1014	1860	1536	2564	4507	8929	8414	15692	7255	12146	18001	39883	0
LFQ	60	0	0	0	0	0	0	22	24	61	10	0	12	10	71	30	12	12	23	104	56	69	165	175	192	199	109	781	304	684	1141	630	1916	2314	2193	6537	10151	13343	8968	6866	12598	17254	38552	0
LFQ	61	0	0	0	0	0	0	21	24	58	7	0	12	11	40	27	12	14	20	111	58	67	103	197	220	231	149	701	384	746	1086	675	1739	2451	2512	6193	13873	11872	8572	6796	13097	16587	36815	0
LFQ	62	0	0	0	0	0	0	10	27	49	3	0	18	8	34	39	2	20	16	111	47	87	84	172	219	232	121	668	344	907	945	776	1804	2358	2730	6065	16604	11465	8319	6470	14123	16339	34171	0
LFQ	63	0	0	0	0	0	1	8	26	49	2	0	10	8	45	19	3	36	14	109	51	111	74	179	175	144	115	913	196	949	812	1173	1919	2026	4118	5111	19628	9811	8636	6484	14247	15440	32652	0
LFQ	64	0	0	0	0	0	0	6	46	78	0	0	9	8	54	21	5	42	15	103	58	153	72	208	142	88	111	839	174	1007	752	1382	2033	1932	4167	5311	20897	9877	9249	6052	16105	13848	30340	0
LFQ	65	0	0	0	0	0	0	13	48	53	1	0	7	13	43	26	2	47	16	74	49	205	68	243	154	88	125	893	173	933	941	1224	2103	1902	3607	6654	23607	8066	10129	5745	17051	12780	27999	0
LFQ	66	0	0	0	0	0	0	7	37	42	2	1	12	15	28	14	0	24	14	83	66	203	80	190	130	60	160	932	167	774	1042	1006	2046	2066	2725	7674	24665	9259	10909	5481	17916	11484	25682	0
LFQ	67	0	0	0	0	0	0	14	36	40	1	1	7	7	25	17	1	22	14	74	45	173	74	192	142	91	169	976	185	694	1163	966	1836	2077	3258	7155	27117	8987	11540	5037	18207	10678	23849	0
LFQ	68	0	0	0	0	0	0	11	36	32	1	3	14	13	34	15	3	11	41	113	45	142	81	182	177	175	157	965	187	758	1087	1165	1946	2046	4231	6638	28386	8835	12605	4513	18147	9641	22347	0
LFQ	69	0	0	0	0	0	1	6	50	47	0	1	13	12	38	24	2	13	52	85	46	175	75	201	198	221	235	906	374	744	919	1582	1946	2318	5685	5951	29208	9923	13934	4376	16943	8808	19558	0
LFQ	70	0	0	0	0	0	2	8	47	36	0	2	7	8	53	20	1	15	68	83	31	175	102	245	228	343	199	930	569	760	834	1963	2049	2472	6756	5720	30779	10586	14138	3824	19747	6774	14997	0
LFQ	71	0	0	0	0	0	0	7	50	74	0	0	19	8	52	11	4	15	50	81	29	163	81	231	132	370	143	853	586	702	898	2139	2004	2733	6752	6167	32822	11634	14492	3217	19463	5817	12669	0
LFQ	72	0	0	0	0	0	1	15	67	58	0	2	25	10	45	15	4	17	24	93	32	185	80	192	112	273	188	790	469	591	998	1752	1846	2675	5525	7157	34463	12807	15919	3062	18994	4991	10880	0
LFQ	73	0	0	0	0	0	0	8	32	28	0	4	14	22	38	16	4	6	26	100	41	148	83	181	94	261	221	745	377	563	1172	1516	1975	2539	4640	8265	37091	13108	16259	2731	18513	4292	9154	0
LFQ	74	0	0	0	0	0	0	6	34	27	0	1	10	3	24	16	5	9	23	102	29	141	66	137	115	179	302	753	337	528	1182	1314	1980	2526	3711	9845	38959	13576	17323	2603	17069	3646	7599	0
LFQ	75	0	0	0	0	0	3	12	62	53	0	3	27	9	29	17	4	9	31	131	24	149	67	136	141	170	311	774	306	434	1287	1236	2032	2333	3738	10483	41318	13822	18207	2180	15281	2874	6373	0
LFQ	76	0	0	0	0	0	0	7	48	30	0	5	12	15	35	10	9	6	27	124	33	186	76	144	101	299	297	757	401	401	1318	1505	2083	2359	4038	10847	42861	15156	19367	1614	12376	2332	5075	0
LFQ	77	0	0	0	0	0	4	12	64	39	0	4	25	8	32	8	10	11	27	107	17	187	81	121	116	257	307	769	412	421	1335	1487	2175	2481	4751	10784	45255	15435	19208	1396	10640	1894	3971	0
LFQ	78	0	0	0	0	0	2	8	27	15	0	3	6	8	36	16	14	12	35	96	43	178	85	121	157	211	331	780	423	403	1339	1392	2176	2589	5093	10705	47531	16045	18688	1211	9530	1403	3043	0
LFQ	79	0	0	0	0	0	3	10	78	41	0	13	13	8	26	12	11	17	36	112	37	160	85	123	206	196	319	738	465	378	1389	1496	2281	2531	5637	10721	49063	16840	17838	963	8385	1054	2339	0
LFQ	80	0	0	0	0	0	1	8	49	13	0	6	15	10	29	17	14	17	33	114	61	189	81	103	147	172	414	722	394	325	1449	1249	2362	2649	5000	11939	50996	17058	17238	763	7280	867	1724	0
LFQ	81	0	0	0	0	0	2	6	46	19	0	7	12	9	19	11	14	5	21	108	72	159	54	85	123	206	440	730	359	301	1555	1190	2336	2748	4195	12993	52811	17679	16461	594	6207	571	1279	0
LFQ	82	0	0	0	0	0	2	11	121	29	0	13	18	7	36	8	11	8	29	144	79	155	63	69	140	183	427	646	373	290	1544	1184	2279	2740	4080	13436	54018	20125	14091	497	5128	442	891	0
LFQ	83	0	0	0	0	0	3	4	45	8	0	9	3	17	25	5	11	8	21	124	61	181	76	46	110	171	485	659	364	268	1612	1079	2261	2769	4092	13890	56732	21951	10703	426	4106	289	616	0
LFQ	84	0	0	0	0	0	3	2	44	4	0	5	11	11	8	3	17	12	29	128	61	180	64	48	154	181	459	624	352	248	1634	1079	2344	2870	4310	13861	57045	23925	9309	275	3239	180	417	0
LFQ	85	0	0	0	0	0	2	2	52	7	0	5	12	17	8	8	15	16	21	104	50	217	34	35	138	201	444	687	444	242	1637	1195	2434	2968	4789	14865	59164	21751	8333	217	2491	145	293	0
LFQ	86	0	0	0	0	0	3	2	72	9	0	18	11	8	12	5	12	13	19	118	49	222	40	39	120	251	471	570	396	244	1648	1119	2295	2892	4623	15672	63716	18806	7123	151	1919	77	189	0
LFQ	87	0	0	0	0	0	4	3	54	9	0	11	12	10	11	11	17	15	22	111	61	181	47	26	176	261	472	528	473	246	1610	1336	2247	2957	5880	14511	65693	18090	6065	110	1410	61	111	0
LFQ	88	0	0	0	0	0	2	2	38	7	0	6	6	10	0	12	16	13	40	124	56	177	47	36	196	283	413	503	518	230	1541	1349	2252	3011	5407	14884	68283	17064	5034	71	1033	32	62	0
LFQ	89	0	0	0	0	0	4	2	45	3	0	7	11	12	7	6	19	11	37	110	49	184	37	22	243	248	410	460	606	203	1405	1527	2221	2728	6564	13694	72896	13787	4270	58	706	23	42	0
LFQ	90	0	0	0	0	0	2	2	44	3	0	9	7	7	3	9	16	16	51	87	70	186	30	22	228	227	540	447	568	213	1515	1344	2293	2805	6325	13898	72988	14470	3578	43	484	8	12	0
LFQ	91	0	0	0	0	0	2	4	42	2	0	15	11	9	0	6	13	9	36	109	105	159	23	14	202	207	602	419	526	184	1563	1247	2459	2857	6017	14015	73994	14344	2859	27	373	4	3	0
LFQ	92	0	0	0	0	0	0	5	32	4	0	19	14	6	1	8	8	10	35	81	94	149	19	12	189	205	672	361	519	179	1617	1194	2406	2845	5651	14426	72826	16055	2448	27	243	1	1	0
LFQ	93	0	0	0	0	0	0	2	42	2	0	18	7	14	5	4	16	10	22	83	115	170	23	17	163	218	686	327	469	205	1663	1076	2426	2828	5230	14826	71958	17466	1998	13	154	0	0	0
LFQ	94	0	0	0	0	0	8	0	42	1	0	6	4	8	0	5	16	14	38	125	98	179	13	20	160	253	647	299	478	151	1670	1071	2369	2709	4997	14939	72647	17392	1699	5	77	0	0	0
LFQ	95	0	0	0	0	0	5	4	76	1	0	16	11	4	11	1	14	11	41	97	93	178	20	12	166	247	645	242	511	138	1651	1135	2333	2805	5050	15385	77026	12641	1371	0	38	0	0	0
LFQ	96	0	0	0	0	0	0	0	28	1	0	11	7	1	3	4	20	8	35	113	97	193	5	12	156	232	687	230	513	126	1633	968	2370	2683	4996	15951	79660	10027	1067	0	16	0	0	0
LFQ	97	0	0	0	0	0	5	0	84	5	0	19	15	5	9	3	20	11	32	111	101	137	6	23	217	272	628	189	620	138	1531	1301	2318	2777	5962	15208	79764	9304	874	0	4	0	0	0
LFQ	98	0	0	0	0	0	1	2	26	1	0	15	8	1	11	1	34	16	37	121	97	204	7	15	197	345	686	195	647	116	1633	1257	2333	2694	5927	15545	79930	8638	721	0	0	0	0	0
LFQ	99	0	0	0	0	0	0	0	0	0	0	0	0	0	3	0	24	17	47	83	74	159	6	19	271	327	532	160	811	88	1437	1505	2315	2620	7364	13260	79536	10036	630	0	0	0	0	0
LFQ	100	0	0	0	0	0	0	0	0	0	0	0	0	0	0	0	0	0	0	0	0	177	4	10	240	380	549	152	876	150	1441	1522	2383	2477	7508	13454	79330	9671	502	0	0	0	0	0
# GC Content of first fragments. Use `grep ^GCF | cut -f 2-` to extract this part.
GCF	0.50	1
GCF	7.79	0
GCF	15.08	2
GCF	16.08	0
GCF	17.09	4
GCF	17.84	6
GCF	18.34	5
GCF	19.10	22
GCF	20.10	26
GCF	20.85	21
GCF	21.36	22
GCF	22.11	21
GCF	23.12	39
GCF	23.87	79
GCF	24.37	84
GCF	25.13	139
GCF	26.13	184
GCF	26.88	280
GCF	27.39	282
GCF	27.89	517
GCF	28.39	519
GCF	28.89	636
GCF	29.40	643
GCF	29.90	753
GCF	30.40	764
GCF	30.90	1140
GCF	31.41	1146
GCF	31.91	1593
GCF	32.41	1599
GCF	32.91	2116
GCF	33.42	2149
GCF	33.92	2579
GCF	34.42	2590
GCF	34.92	3500
GCF	35.43	3504
GCF	35.93	3867
GCF	36.43	3878
GCF	36.93	4772
GCF	37.44	4802
GCF	37.94	5764
GCF	38.44	5806
GCF	38.94	6794
GCF	39.45	6807
GCF	39.95	7334
GCF	40.45	7353
GCF	40.95	7284
GCF	41.46	7310
GCF	41.96	8585
GCF	42.46	8599
GCF	42.96	8205
GCF	43.47	8208
GCF	43.97	7369
GCF	44.47	7339
GCF	44.97	6694
GCF	45.48	6712
GCF	45.98	7107
GCF	46.48	7117
GCF	46.98	6642
GCF	47.49	6674
GCF	47.99	7800
GCF	48.49	7821
GCF	48.99	7511
GCF	49.50	7497
GCF	50.00	4377
GCF	50.50	4335
GCF	51.01	9399
GCF	51.51	9381
GCF	52.01	2373
GCF	52.51	2305
GCF	53.02	1266
GCF	53.52	1204
GCF	54.02	601
GCF	54.52	559
GCF	55.03	264
GCF	55.53	236
GCF	56.03	147
GCF	56.53	143
GCF	57.04	184
GCF	57.54	177
GCF	58.04	107
GCF	58.54	108
GCF	59.05	120
GCF	59.55	123
GCF	60.05	46
GCF	60.55	40
GCF	61.31	13
GCF	62.06	6
GCF	62.56	4
GCF	63.07	10
GCF	63.57	9
GCF	64.32	5
GCF	65.33	3
GCF	66.08	1
# GC Content of last fragments. Use `grep ^GCL | cut -f 2-` to extract this part.
GCL	0.50	1
GCL	7.04	0
GCL	13.82	1
GCL	15.08	0
GCL	16.08	5
GCL	16.83	2
GCL	17.34	3
GCL	18.09	9
GCL	18.84	22
GCL	19.35	23
GCL	19.85	40
GCL	20.35	41
GCL	20.85	44
GCL	21.36	43
GCL	22.11	70
GCL	22.86	76
GCL	23.37	77
GCL	23.87	129
GCL	24.37	132
GCL	24.87	187
GCL	25.38	189
GCL	25.88	246
GCL	26.38	248
GCL	26.88	365
GCL	27.39	374
GCL	27.89	559
GCL	28.39	564
GCL	28.89	709
GCL	29.40	702
GCL	29.90	1018
GCL	30.40	1022
GCL	30.90	1409
GCL	31.41	1427
GCL	31.91	1872
GCL	32.41	1880
GCL	32.91	2468
GCL	33.42	2483
GCL	33.92	3069
GCL	34.42	3112
GCL	34.92	3802
GCL	35.43	3797
GCL	35.93	4398
GCL	36.43	4426
GCL	36.93	5110
GCL	37.44	5135
GCL	37.94	5811
GCL	38.44	5824
GCL	38.94	6935
GCL	39.45	6967
GCL	39.95	8694
GCL	40.45	8744
GCL	40.95	10473
GCL	41.46	10458
GCL	41.96	8565
GCL	42.46	8586
GCL	42.96	6914
GCL	43.47	6896
GCL	43.97	5965
GCL	44.47	5980
GCL	44.97	6127
GCL	45.48	6123
GCL	45.98	5500
GCL	46.48	5473
GCL	46.98	8008
GCL	47.49	8056
GCL	47.99	11096
GCL	48.49	11079
GCL	48.99	8706
GCL	49.50	8696
GCL	50.00	4256
GCL	50.50	4209
GCL	51.01	1796
GCL	51.51	1822
GCL	52.01	1346
GCL	52.51	1332
GCL	53.02	1026
GCL	53.52	994
GCL	54.02	645
GCL	54.52	588
GCL	55.03	377
GCL	55.53	345
GCL	56.03	197
GCL	56.53	178
GCL	57.04	140
GCL	57.54	127
GCL	58.04	151
GCL	58.54	146
GCL	59.05	98
GCL	59.55	92
GCL	60.05	38
GCL	60.55	37
GCL	61.06	14
GCL	61.56	13
GCL	62.06	8
GCL	62.56	9
GCL	63.07	6
GCL	63.57	5
GCL	64.07	2
GCL	64.57	4
GCL	65.33	3
GCL	66.33	2
GCL	67.34	1
# ACGT content per cycle. Use `grep ^GCC | cut -f 2-` to extract this part. The columns are: cycle; A,C,G,T base counts as a percentage of all A/C/G/T bases [%]; and N and O counts as a percentage of all A/C/G/T bases [%]
GCC	1	24.87	25.05	24.46	25.63	0.00	0.00
GCC	2	22.42	27.76	25.80	24.01	0.00	0.00
GCC	3	22.39	29.08	24.52	24.00	0.00	0.00
GCC	4	21.48	30.07	25.13	23.32	0.00	0.00
GCC	5	20.52	28.49	25.63	25.37	0.00	0.00
GCC	6	22.45	22.78	28.97	25.80	0.00	0.00
GCC	7	25.48	16.49	22.79	35.25	0.00	0.00
GCC	8	28.96	17.34	20.77	32.93	0.00	0.00
GCC	9	26.75	20.14	20.09	33.03	0.00	0.00
GCC	10	27.28	21.26	19.78	31.67	0.00	0.00
GCC	11	26.62	19.48	22.40	31.50	0.00	0.00
GCC	12	27.57	17.08	21.87	33.48	0.00	0.00
GCC	13	26.40	18.44	21.27	33.89	0.00	0.00
GCC	14	24.15	22.47	20.73	32.65	0.00	0.00
GCC	15	29.20	21.71	20.66	28.44	0.00	0.00
GCC	16	27.06	23.60	19.77	29.57	0.00	0.00
GCC	17	26.68	19.99	22.16	31.18	0.00	0.00
GCC	18	28.67	16.01	22.15	33.18	0.00	0.00
GCC	19	31.36	16.61	22.36	29.67	0.00	0.00
GCC	20	33.32	17.16	20.61	28.91	0.00	0.00
GCC	21	35.28	17.94	18.37	28.41	0.00	0.00
GCC	22	27.99	20.16	19.29	32.56	0.00	0.00
GCC	23	29.52	17.27	18.78	34.43	0.00	0.00
GCC	24	28.76	21.03	18.50	31.71	0.00	0.00
GCC	25	27.75	22.56	18.46	31.23	0.00	0.00
GCC	26	29.36	19.45	19.52	31.67	0.00	0.00
GCC	27	35.08	18.70	18.33	27.89	0.00	0.00
GCC	28	29.57	21.41	17.49	31.53	0.00	0.00
GCC	29	25.99	27.09	19.09	27.83	0.00	0.00
GCC	30	25.83	23.59	20.26	30.32	0.00	0.00
GCC	31	24.99	23.30	23.38	28.33	0.00	0.00
GCC	32	28.06	24.91	22.85	24.17	0.00	0.00
GCC	33	30.25	21.94	20.88	26.93	0.00	0.00
GCC	34	31.74	19.13	21.73	27.40	0.00	0.00
GCC	35	29.02	20.83	20.87	29.28	0.00	0.00
GCC	36	32.14	17.26	21.29	29.31	0.00	0.00
GCC	37	27.79	20.30	18.98	32.93	0.00	0.00
GCC	38	26.39	20.95	19.69	32.98	0.00	0.00
GCC	39	31.03	21.17	20.18	27.62	0.00	0.00
GCC	40	31.82	19.39	22.72	26.07	0.00	0.00
GCC	41	32.45	20.77	19.78	27.01	0.00	0.00
GCC	42	31.82	20.46	21.92	25.80	0.00	0.00
GCC	43	28.72	21.05	24.07	26.16	0.00	0.00
GCC	44	30.00	21.27	22.87	25.87	0.00	0.00
GCC	45	27.54	22.62	22.70	27.14	0.00	0.00
GCC	46	26.82	18.53	24.06	30.58	0.00	0.00
GCC	47	27.24	20.96	24.14	27.66	0.00	0.00
GCC	48	28.39	17.09	25.30	29.22	0.00	0.00
GCC	49	26.09	22.47	24.39	27.05	0.00	0.00
GCC	50	26.74	20.22	23.66	29.38	0.00	0.00
GCC	51	26.66	21.04	24.13	28.17	0.00	0.00
GCC	52	25.27	23.74	22.03	28.96	0.00	0.00
GCC	53	25.23	29.57	18.30	26.90	0.00	0.00
GCC	54	26.24	24.56	20.49	28.71	0.00	0.00
GCC	55	26.61	19.65	25.77	27.97	0.00	0.00
GCC	56	26.63	20.32	22.94	30.10	0.00	0.00
GCC	57	28.56	17.61	23.93	29.90	0.00	0.00
GCC	58	29.57	20.86	23.46	26.11	0.00	0.00
GCC	59	24.44	20.99	24.97	29.60	0.00	0.00
GCC	60	27.60	20.96	22.62	28.82	0.00	0.00
GCC	61	29.05	23.45	20.71	26.79	0.00	0.00
GCC	62	29.62	17.33	22.44	30.61	0.00	0.00
GCC	63	29.27	18.01	23.14	29.58	0.00	0.00
GCC	64	30.13	20.08	23.04	26.74	0.00	0.00
GCC	65	25.15	21.06	23.33	30.46	0.00	0.00
GCC	66	26.52	24.22	17.23	32.03	0.00	0.00
GCC	67	25.02	22.27	22.35	30.35	0.00	0.00
GCC	68	28.79	23.60	19.82	27.79	0.00	0.00
GCC	69	30.65	21.64	19.43	28.28	0.00	0.00
GCC	70	31.12	22.00	20.61	26.26	0.00	0.00
GCC	71	30.45	22.14	21.22	26.18	0.00	0.00
GCC	72	28.62	19.72	22.41	29.25	0.00	0.00
GCC	73	29.29	21.21	19.96	29.53	0.00	0.00
GCC	74	29.21	24.72	18.79	27.29	0.00	0.00
GCC	75	29.34	21.85	20.14	28.68	0.00	0.00
GCC	76	31.65	22.42	19.63	26.30	0.00	0.00
GCC	77	34.21	22.90	18.81	24.08	0.00	0.00
GCC	78	33.21	19.35	18.88	28.57	0.00	0.00
GCC	79	32.44	16.75	22.76	28.04	0.00	0.00
GCC	80	31.25	17.98	21.51	29.26	0.00	0.00
GCC	81	30.95	18.30	20.35	30.39	0.00	0.00
GCC	82	30.19	20.46	21.53	27.82	0.00	0.00
GCC	83	32.11	18.43	19.06	30.39	0.00	0.00
GCC	84	33.34	17.87	19.53	29.26	0.00	0.00
GCC	85	35.25	17.47	20.24	27.04	0.00	0.00
GCC	86	30.55	19.36	23.08	27.01	0.00	0.00
GCC	87	29.18	18.31	24.78	27.73	0.00	0.00
GCC	88	27.93	21.60	23.94	26.53	0.00	0.00
GCC	89	26.28	21.86	21.22	30.63	0.00	0.00
GCC	90	26.83	18.95	20.23	33.99	0.00	0.00
GCC	91	25.98	18.85	24.47	30.71	0.00	0.00
GCC	92	26.79	20.78	20.36	32.06	0.00	0.00
GCC	93	28.74	19.68	18.24	33.34	0.00	0.00
GCC	94	28.19	22.52	19.35	29.94	0.00	0.00
GCC	95	27.03	22.78	23.78	26.41	0.00	0.00
GCC	96	26.64	22.11	19.76	31.50	0.00	0.00
GCC	97	27.53	21.55	22.20	28.72	0.00	0.00
GCC	98	28.04	20.95	22.31	28.70	0.00	0.00
GCC	99	26.47	20.68	22.40	30.45	0.00	0.00
GCC	100	26.93	23.10	22.64	27.33	0.00	0.00
# ACGT content per cycle, read oriented. Use `grep ^GCT | cut -f 2-` to extract this part. The columns are: cycle; A,C,G,T base counts as a percentage of all A/C/G/T bases [%]
GCT	1	22.91	22.61	26.89	27.58
GCT	2	19.27	28.44	25.13	27.16
GCT	3	18.10	25.42	28.18	28.29
GCT	4	19.00	27.26	27.94	25.80
GCT	5	20.52	29.67	24.44	25.37
GCT	6	21.92	27.03	24.71	26.34
GCT	7	27.47	17.53	21.74	33.25
GCT	8	21.80	16.15	21.96	40.09
GCT	9	25.92	13.34	26.88	33.86
GCT	10	24.86	15.04	26.00	34.09
GCT	11	24.03	20.18	21.70	34.09
GCT	12	26.07	16.87	22.08	34.98
GCT	13	27.94	17.78	21.94	32.34
GCT	14	26.48	20.66	22.55	30.32
GCT	15	24.98	22.46	19.90	32.66
GCT	16	25.68	21.02	22.35	30.94
GCT	17	24.52	23.16	18.98	33.34
GCT	18	29.38	18.53	19.62	32.47
GCT	19	27.47	17.87	21.10	33.55
GCT	20	26.98	19.25	18.52	35.25
GCT	21	28.85	16.24	20.06	34.84
GCT	22	28.80	17.31	22.13	31.76
GCT	23	29.59	19.71	16.34	34.36
GCT	24	27.76	15.93	23.60	32.71
GCT	25	26.06	16.91	24.11	32.92
GCT	26	29.79	18.04	20.93	31.23
GCT	27	28.36	17.44	19.59	34.61
GCT	28	28.96	20.46	18.43	32.15
GCT	29	26.79	26.38	19.80	27.03
GCT	30	28.55	25.04	18.81	27.60
GCT	31	26.75	27.01	19.66	26.57
GCT	32	23.49	22.14	25.63	28.74
GCT	33	28.57	19.81	23.02	28.60
GCT	34	28.80	18.68	22.18	30.34
GCT	35	31.43	21.77	19.93	26.87
GCT	36	31.01	21.17	17.38	30.44
GCT	37	30.18	19.70	19.57	30.54
GCT	38	29.96	20.30	20.34	29.40
GCT	39	29.05	24.27	17.08	29.60
GCT	40	30.07	21.24	20.88	27.82
GCT	41	32.82	19.50	21.05	26.63
GCT	42	29.65	20.56	21.82	27.96
GCT	43	26.34	23.04	22.07	28.55
GCT	44	27.41	22.41	21.72	28.46
GCT	45	27.04	17.66	27.65	27.64
GCT	46	29.79	16.37	26.23	27.61
GCT	47	25.24	19.83	25.28	29.65
GCT	48	27.21	18.06	24.33	30.40
GCT	49	25.27	18.18	28.68	27.87
GCT	50	27.65	21.20	22.68	28.47
GCT	51	25.19	24.18	20.99	29.65
GCT	52	27.15	25.26	20.51	27.08
GCT	53	26.51	24.94	22.94	25.61
GCT	54	28.46	23.64	21.41	26.50
GCT	55	28.70	24.47	20.95	25.88
GCT	56	28.59	19.91	23.36	28.15
GCT	57	24.88	18.38	23.16	33.57
GCT	58	24.93	20.53	23.78	30.75
GCT	59	26.42	26.01	19.95	27.62
GCT	60	25.66	24.44	19.13	30.76
GCT	61	27.57	18.59	25.57	28.27
GCT	62	29.35	20.07	19.70	30.88
GCT	63	31.93	21.62	19.53	26.92
GCT	64	28.03	19.75	23.38	28.84
GCT	65	27.53	24.66	19.72	28.08
GCT	66	28.04	20.60	20.85	30.50
GCT	67	26.79	20.51	24.12	28.59
GCT	68	26.76	21.47	21.94	29.83
GCT	69	33.69	17.41	23.66	25.24
GCT	70	31.57	17.84	24.77	25.81
GCT	71	29.97	24.98	18.39	26.66
GCT	72	31.05	24.87	17.27	26.81
GCT	73	27.97	22.55	18.62	30.85
GCT	74	28.36	22.76	20.74	28.14
GCT	75	32.23	22.66	19.32	25.79
GCT	76	31.08	23.05	19.00	26.87
GCT	77	31.09	20.97	20.74	27.19
GCT	78	33.49	18.81	19.42	28.28
GCT	79	30.13	20.49	19.02	30.35
GCT	80	30.24	21.17	18.32	30.27
GCT	81	29.47	17.92	20.74	31.87
GCT	82	30.44	20.76	21.23	27.57
GCT	83	33.01	20.35	17.14	29.50
GCT	84	33.12	18.00	19.40	29.49
GCT	85	32.70	17.15	20.57	29.58
GCT	86	27.72	20.70	21.74	29.85
GCT	87	28.50	21.23	21.86	28.41
GCT	88	28.02	24.07	21.47	26.44
GCT	89	30.64	22.52	20.56	26.27
GCT	90	32.94	17.70	21.48	27.88
GCT	91	27.63	21.64	21.68	29.05
GCT	92	29.29	18.58	22.57	29.56
GCT	93	31.13	18.51	19.41	30.95
GCT	94	31.71	22.26	19.62	26.42
GCT	95	31.44	28.77	17.79	22.00
GCT	96	34.88	22.02	19.85	23.25
GCT	97	32.90	21.01	22.74	23.35
GCT	98	31.91	21.30	21.96	24.83
GCT	99	32.01	20.82	22.26	24.91
GCT	100	30.41	21.27	24.47	23.85
# ACGT content per cycle for first fragments. Use `grep ^FBC | cut -f 2-` to extract this part. The columns are: cycle; A,C,G,T base counts as a percentage of all A/C/G/T bases [%]; and N and O counts as a percentage of all A/C/G/T bases [%]
FBC	1	28.66	23.75	21.77	25.81	0.00	0.00
FBC	2	24.45	27.83	22.82	24.89	0.00	0.00
FBC	3	26.39	27.27	23.14	23.20	0.00	0.00
FBC	4	23.44	27.70	23.65	25.22	0.00	0.00
FBC	5	22.34	25.76	24.38	27.52	0.00	0.00
FBC	6	24.05	23.41	29.09	23.45	0.00	0.00
FBC	7	23.77	22.64	26.44	27.15	0.00	0.00
FBC	8	27.36	22.52	25.85	24.27	0.00	0.00
FBC	9	26.29	29.08	20.23	24.40	0.00	0.00
FBC	10	28.11	24.06	23.23	24.60	0.00	0.00
FBC	11	26.17	22.90	25.85	25.08	0.00	0.00
FBC	12	31.50	21.59	20.69	26.22	0.00	0.00
FBC	13	30.21	21.19	23.08	25.52	0.00	0.00
FBC	14	26.61	21.78	22.80	28.80	0.00	0.00
FBC	15	34.38	19.04	21.08	25.51	0.00	0.00
FBC	16	27.28	23.47	22.66	26.59	0.00	0.00
FBC	17	30.52	19.78	21.50	28.20	0.00	0.00
FBC	18	31.10	17.83	24.87	26.20	0.00	0.00
FBC	19	32.13	18.64	19.82	29.41	0.00	0.00
FBC	20	33.18	18.15	21.47	27.21	0.00	0.00
FBC	21	33.92	20.42	17.30	28.36	0.00	0.00
FBC	22	29.69	23.69	20.14	26.49	0.00	0.00
FBC	23	32.30	18.32	22.30	27.08	0.00	0.00
FBC	24	30.60	22.19	18.66	28.55	0.00	0.00
FBC	25	30.17	25.68	18.05	26.10	0.00	0.00
FBC	26	32.33	21.65	18.27	27.76	0.00	0.00
FBC	27	34.91	19.94	16.68	28.47	0.00	0.00
FBC	28	28.19	21.72	20.50	29.59	0.00	0.00
FBC	29	28.54	23.48	18.18	29.80	0.00	0.00
FBC	30	28.51	19.96	21.02	30.51	0.00	0.00
FBC	31	26.97	19.55	21.17	32.31	0.00	0.00
FBC	32	30.55	24.15	18.23	27.07	0.00	0.00
FBC	33	27.76	23.65	19.87	28.72	0.00	0.00
FBC	34	30.03	20.23	21.93	27.80	0.00	0.00
FBC	35	27.56	20.89	21.94	29.61	0.00	0.00
FBC	36	31.31	18.26	21.96	28.47	0.00	0.00
FBC	37	29.10	20.93	20.48	29.50	0.00	0.00
FBC	38	27.18	17.62	20.21	34.99	0.00	0.00
FBC	39	31.31	19.39	21.45	27.86	0.00	0.00
FBC	40	27.94	19.05	25.62	27.39	0.00	0.00
FBC	41	28.63	19.06	19.57	32.75	0.00	0.00
FBC	42	31.86	17.99	21.76	28.40	0.00	0.00
FBC	43	29.13	21.30	22.23	27.34	0.00	0.00
FBC	44	30.66	22.00	19.47	27.87	0.00	0.00
FBC	45	28.10	22.93	20.78	28.18	0.00	0.00
FBC	46	27.65	21.98	19.93	30.44	0.00	0.00
FBC	47	29.29	21.28	21.94	27.50	0.00	0.00
FBC	48	27.50	19.89	21.87	30.74	0.00	0.00
FBC	49	27.84	23.45	20.14	28.58	0.00	0.00
FBC	50	30.53	20.68	19.68	29.11	0.00	0.00
FBC	51	29.88	21.74	21.56	26.82	0.00	0.00
FBC	52	26.54	20.72	25.47	27.27	0.00	0.00
FBC	53	27.25	23.07	19.66	30.02	0.00	0.00
FBC	54	26.45	21.17	21.55	30.83	0.00	0.00
FBC	55	25.48	20.29	24.55	29.67	0.00	0.00
FBC	56	28.24	22.12	20.47	29.17	0.00	0.00
FBC	57	28.08	20.63	23.10	28.19	0.00	0.00
FBC	58	29.69	22.15	21.65	26.51	0.00	0.00
FBC	59	27.24	19.68	22.26	30.83	0.00	0.00
FBC	60	27.46	19.09	25.23	28.22	0.00	0.00
FBC	61	28.23	24.21	19.96	27.60	0.00	0.00
FBC	62	29.83	18.10	20.71	31.36	0.00	0.00
FBC	63	28.72	19.00	23.79	28.49	0.00	0.00
FBC	64	29.56	22.12	22.52	25.81	0.00	0.00
FBC	65	29.21	19.70	22.45	28.64	0.00	0.00
FBC	66	29.43	21.71	19.55	29.32	0.00	0.00
FBC	67	26.82	24.79	19.95	28.44	0.00	0.00
FBC	68	29.65	24.18	20.06	26.12	0.00	0.00
FBC	69	29.48	23.35	18.00	29.17	0.00	0.00
FBC	70	28.40	21.14	20.74	29.71	0.00	0.00
FBC	71	26.02	22.08	25.88	26.02	0.00	0.00
FBC	72	26.44	19.72	23.92	29.93	0.00	0.00
FBC	73	27.03	20.72	22.89	29.36	0.00	0.00
FBC	74	29.44	20.72	20.28	29.56	0.00	0.00
FBC	75	27.22	21.09	22.76	28.93	0.00	0.00
FBC	76	27.41	20.38	24.27	27.93	0.00	0.00
FBC	77	33.74	18.94	21.08	26.24	0.00	0.00
FBC	78	26.49	22.00	20.91	30.60	0.00	0.00
FBC	79	26.83	18.97	26.51	27.69	0.00	0.00
FBC	80	30.32	19.24	19.42	31.01	0.00	0.00
FBC	81	30.53	20.41	20.09	28.97	0.00	0.00
FBC	82	27.06	23.09	20.06	29.79	0.00	0.00
FBC	83	26.99	17.63	21.35	34.03	0.00	0.00
FBC	84	27.74	18.64	21.89	31.72	0.00	0.00
FBC	85	30.08	19.23	19.76	30.94	0.00	0.00
FBC	86	29.24	19.21	20.30	31.25	0.00	0.00
FBC	87	25.74	19.21	23.04	32.02	0.00	0.00
FBC	88	26.76	22.68	22.85	27.71	0.00	0.00
FBC	89	26.17	21.01	22.71	30.10	0.00	0.00
FBC	90	25.28	22.69	19.55	32.48	0.00	0.00
FBC	91	25.49	22.01	23.03	29.47	0.00	0.00
FBC	92	24.93	23.99	18.62	32.46	0.00	0.00
FBC	93	26.97	21.22	18.95	32.85	0.00	0.00
FBC	94	27.83	19.90	23.38	28.90	0.00	0.00
FBC	95	25.02	19.04	24.53	31.42	0.00	0.00
FBC	96	26.46	20.18	21.08	32.27	0.00	0.00
FBC	97	26.09	18.21	21.81	33.89	0.00	0.00
FBC	98	29.38	19.94	21.27	29.41	0.00	0.00
FBC	99	25.97	21.22	19.84	32.97	0.00	0.00
FBC	100	25.38	22.73	24.80	27.09	0.00	0.00
# ACGT raw counters for first fragments. Use `grep ^FTC | cut -f 2-` to extract this part. The columns are: A,C,G,T,N base counters
FTC	3554800	2677885	2716035	3592136	1
# ACGT content per cycle for last fragments. Use `grep ^LBC | cut -f 2-` to extract this part. The columns are: cycle; A,C,G,T base counts as a percentage of all A/C/G/T bases [%]; and N and O counts as a percentage of all A/C/G/T bases [%]
LBC	1	21.07	26.34	27.15	25.44	0.00	0.00
LBC	2	20.40	27.69	28.78	23.12	0.00	0.00
LBC	3	18.40	30.89	25.91	24.81	0.00	0.00
LBC	4	19.53	32.44	26.62	21.42	0.00	0.00
LBC	5	18.69	31.21	26.89	23.22	0.00	0.00
LBC	6	20.86	22.14	28.84	28.16	0.00	0.00
LBC	7	27.18	10.33	19.14	43.34	0.00	0.00
LBC	8	30.56	12.16	15.69	41.59	0.00	0.00
LBC	9	27.21	11.20	19.94	41.65	0.00	0.00
LBC	10	26.46	18.46	16.33	38.75	0.00	0.00
LBC	11	27.07	16.06	18.95	37.92	0.00	0.00
LBC	12	23.64	12.56	23.05	40.74	0.00	0.00
LBC	13	22.58	15.69	19.46	42.26	0.00	0.00
LBC	14	21.69	23.16	18.66	36.49	0.00	0.00
LBC	15	24.02	24.38	20.24	31.36	0.00	0.00
LBC	16	26.84	23.73	16.88	32.55	0.00	0.00
LBC	17	22.84	20.19	22.82	34.15	0.00	0.00
LBC	18	26.24	14.18	19.43	40.15	0.00	0.00
LBC	19	30.59	14.58	24.91	29.92	0.00	0.00
LBC	20	33.45	16.17	19.76	30.62	0.00	0.00
LBC	21	36.64	15.45	19.45	28.46	0.00	0.00
LBC	22	26.30	16.62	18.44	38.64	0.00	0.00
LBC	23	26.73	16.22	15.27	41.79	0.00	0.00
LBC	24	26.92	19.87	18.34	34.87	0.00	0.00
LBC	25	25.32	19.43	18.88	36.36	0.00	0.00
LBC	26	26.39	17.25	20.78	35.58	0.00	0.00
LBC	27	35.25	17.46	19.98	27.31	0.00	0.00
LBC	28	30.96	21.10	14.47	33.47	0.00	0.00
LBC	29	23.45	30.70	19.99	25.86	0.00	0.00
LBC	30	23.15	27.23	19.49	30.13	0.00	0.00
LBC	31	23.01	27.05	25.58	24.36	0.00	0.00
LBC	32	25.57	25.68	27.48	21.28	0.00	0.00
LBC	33	32.74	20.23	21.90	25.13	0.00	0.00
LBC	34	33.44	18.02	21.53	27.01	0.00	0.00
LBC	35	30.48	20.78	19.80	28.94	0.00	0.00
LBC	36	32.98	16.26	20.62	30.14	0.00	0.00
LBC	37	26.48	19.67	17.48	36.37	0.00	0.00
LBC	38	25.59	24.28	19.17	30.96	0.00	0.00
LBC	39	30.76	22.96	18.91	27.37	0.00	0.00
LBC	40	35.70	19.73	19.83	24.75	0.00	0.00
LBC	41	36.27	22.48	19.99	21.26	0.00	0.00
LBC	42	31.78	22.93	22.09	23.20	0.00	0.00
LBC	43	28.32	20.79	25.90	24.98	0.00	0.00
LBC	44	29.34	20.53	26.27	23.86	0.00	0.00
LBC	45	26.98	22.31	24.61	26.11	0.00	0.00
LBC	46	25.99	15.09	28.19	30.73	0.00	0.00
LBC	47	25.19	20.65	26.34	27.82	0.00	0.00
LBC	48	29.29	14.29	28.73	27.69	0.00	0.00
LBC	49	24.34	21.49	28.64	25.52	0.00	0.00
LBC	50	22.96	19.75	27.65	29.64	0.00	0.00
LBC	51	23.45	20.34	26.70	29.51	0.00	0.00
LBC	52	24.00	26.78	18.58	30.64	0.00	0.00
LBC	53	23.20	36.08	16.95	23.77	0.00	0.00
LBC	54	26.04	27.95	19.43	26.59	0.00	0.00
LBC	55	27.75	19.00	27.00	26.26	0.00	0.00
LBC	56	25.01	18.53	25.42	31.04	0.00	0.00
LBC	57	29.03	14.58	24.77	31.61	0.00	0.00
LBC	58	29.45	19.57	25.27	25.71	0.00	0.00
LBC	59	21.65	22.30	27.69	28.36	0.00	0.00
LBC	60	27.74	22.84	20.00	29.42	0.00	0.00
LBC	61	29.87	22.69	21.46	25.98	0.00	0.00
LBC	62	29.40	16.56	24.17	29.86	0.00	0.00
LBC	63	29.83	17.01	22.49	30.66	0.00	0.00
LBC	64	30.71	18.04	23.57	27.68	0.00	0.00
LBC	65	21.09	22.41	24.21	32.29	0.00	0.00
LBC	66	23.61	26.75	14.90	34.74	0.00	0.00
LBC	67	23.22	19.74	24.77	32.27	0.00	0.00
LBC	68	27.93	23.02	19.58	29.47	0.00	0.00
LBC	69	31.83	19.92	20.86	27.39	0.00	0.00
LBC	70	33.85	22.86	20.48	22.81	0.00	0.00
LBC	71	34.89	22.21	16.55	26.35	0.00	0.00
LBC	72	30.80	19.73	20.90	28.57	0.00	0.00
LBC	73	31.57	21.71	17.04	29.69	0.00	0.00
LBC	74	28.97	28.73	17.29	25.01	0.00	0.00
LBC	75	31.47	22.61	17.50	28.42	0.00	0.00
LBC	76	35.90	24.47	14.97	24.67	0.00	0.00
LBC	77	34.68	26.88	16.54	21.90	0.00	0.00
LBC	78	39.95	16.69	16.84	26.53	0.00	0.00
LBC	79	38.08	14.54	19.00	28.39	0.00	0.00
LBC	80	32.19	16.71	23.60	27.50	0.00	0.00
LBC	81	31.37	16.19	20.62	31.81	0.00	0.00
LBC	82	33.32	17.82	23.00	25.85	0.00	0.00
LBC	83	37.25	19.24	16.76	26.75	0.00	0.00
LBC	84	38.96	17.09	17.15	26.80	0.00	0.00
LBC	85	40.43	15.71	20.73	23.13	0.00	0.00
LBC	86	31.88	19.50	25.87	22.75	0.00	0.00
LBC	87	32.64	17.40	26.53	23.43	0.00	0.00
LBC	88	29.09	20.52	25.03	25.35	0.00	0.00
LBC	89	26.40	22.71	19.73	31.16	0.00	0.00
LBC	90	28.39	15.19	20.92	35.50	0.00	0.00
LBC	91	26.46	15.68	25.91	31.95	0.00	0.00
LBC	92	28.65	17.57	22.11	31.67	0.00	0.00
LBC	93	30.51	18.12	17.53	33.84	0.00	0.00
LBC	94	28.55	25.15	15.32	30.98	0.00	0.00
LBC	95	29.06	26.54	23.02	21.39	0.00	0.00
LBC	96	26.81	24.04	18.42	30.72	0.00	0.00
LBC	97	28.97	24.91	22.59	23.54	0.00	0.00
LBC	98	26.69	21.96	23.36	27.99	0.00	0.00
LBC	99	26.96	20.14	24.96	27.94	0.00	0.00
LBC	100	28.48	23.48	20.47	27.58	0.00	0.00
# ACGT raw counters for last fragments. Use `grep ^LTC | cut -f 2-` to extract this part. The columns are: A,C,G,T,N base counters
LTC	3549574	2593367	2698930	3685664	0
# Insert sizes. Use `grep ^IS | cut -f 2-` to extract this part. The columns are: insert size, pairs total, inward oriented pairs, outward oriented pairs, other pairs
IS	0	0	0	0	0
IS	1	0	0	0	0
IS	2	1	0	1	0
IS	3	0	0	0	0
IS	4	0	0	0	0
IS	5	0	0	0	0
IS	6	1	0	1	0
IS	7	0	0	0	0
IS	8	0	0	0	0
IS	9	0	0	0	0
IS	10	1	0	1	0
IS	11	1	0	1	0
IS	12	1	0	1	0
IS	13	0	0	0	0
IS	14	0	0	0	0
IS	15	0	0	0	0
IS	16	0	0	0	0
IS	17	0	0	0	0
IS	18	0	0	0	0
IS	19	7	2	5	0
IS	20	8	0	8	0
IS	21	10	2	8	0
IS	22	13	1	12	0
IS	23	9	2	7	0
IS	24	31	7	24	0
IS	25	27	7	20	0
IS	26	30	13	17	0
IS	27	40	9	31	0
IS	28	31	8	23	0
IS	29	51	15	36	0
IS	30	40	10	30	0
IS	31	48	16	32	0
IS	32	67	15	52	0
IS	33	60	15	45	0
IS	34	67	15	52	0
IS	35	70	25	45	0
IS	36	61	17	44	0
IS	37	55	17	38	0
IS	38	72	32	40	0
IS	39	54	20	34	0
IS	40	69	16	53	0
IS	41	65	24	41	0
IS	42	74	25	49	0
IS	43	129	45	84	0
IS	44	123	40	83	0
IS	45	103	30	73	0
IS	46	86	28	58	0
IS	47	99	34	65	0
IS	48	87	34	53	0
IS	49	82	22	60	0
IS	50	118	29	89	0
IS	51	104	26	78	0
IS	52	99	30	68	1
IS	53	120	39	81	0
IS	54	99	31	68	0
IS	55	111	38	73	0
IS	56	95	31	64	0
IS	57	129	39	90	0
IS	58	126	35	91	0
IS	59	175	57	118	0
IS	60	264	65	199	0
IS	61	287	110	177	0
IS	62	300	170	130	0
IS	63	255	102	153	0
IS	64	139	52	87	0
IS	65	127	46	81	0
IS	66	114	41	73	0
IS	67	107	46	61	0
IS	68	177	39	138	0
IS	69	83	26	57	0
IS	70	79	33	46	0
IS	71	85	43	42	0
IS	72	52	29	23	0
IS	73	53	22	31	0
IS	74	58	22	36	0
IS	75	63	28	35	0
IS	76	47	27	20	0
IS	77	44	22	22	0
IS	78	40	19	21	0
IS	79	57	33	24	0
IS	80	34	14	20	0
IS	81	33	24	9	0
IS	82	18	14	4	0
IS	83	25	20	5	0
IS	84	24	18	6	0
IS	85	27	21	6	0
IS	86	33	24	9	0
IS	87	43	26	17	0
IS	88	103	36	67	0
IS	89	147	52	95	0
IS	90	212	67	145	0
IS	91	365	109	256	0
IS	92	371	136	235	0
IS	93	1775	583	1192	0
IS	94	2004	608	1396	0
IS	95	2715	726	1989	0
IS	96	2412	1030	1382	0
IS	97	2171	694	1477	0
IS	98	1871	604	1267	0
IS	99	1992	524	1468	0
IS	100	2027	730	1297	0
IS	101	2068	2054	14	0
IS	102	2239	2239	0	0
IS	103	2131	2131	0	0
IS	104	1891	1891	0	0
IS	105	1629	1629	0	0
IS	106	1507	1507	0	0
IS	107	1479	1478	0	1
IS	108	1756	1756	0	0
IS	109	1502	1502	0	0
IS	110	1351	1351	0	0
IS	111	1287	1287	0	0
IS	112	1199	1199	0	0
IS	113	1175	1175	0	0
IS	114	1228	1228	0	0
IS	115	1321	1321	0	0
IS	116	1357	1357	0	0
IS	117	1480	1480	0	0
IS	118	1999	1999	0	0
IS	119	1934	1934	0	0
IS	120	2383	2383	0	0
IS	121	1854	1854	0	0
IS	122	1402	1402	0	0
IS	123	1278	1278	0	0
IS	124	1285	1285	0	0
IS	125	1369	1369	0	0
IS	126	1748	1748	0	0
IS	127	1375	1375	0	0
IS	128	1662	1662	0	0
IS	129	1159	1159	0	0
IS	130	1055	1055	0	0
IS	131	1291	1291	0	0
IS	132	981	981	0	0
IS	133	906	906	0	0
IS	134	958	958	0	0
IS	135	842	842	0	0
IS	136	765	765	0	0
IS	137	828	828	0	0
IS	138	778	778	0	0
IS	139	715	715	0	0
IS	140	788	788	0	0
IS	141	821	821	0	0
IS	142	1033	1033	0	0
IS	143	911	911	0	0
IS	144	879	879	0	0
IS	145	1010	1010	0	0
IS	146	992	991	1	0
IS	147	1062	1062	0	0
IS	148	822	822	0	0
IS	149	817	817	0	0
IS	150	734	734	0	0
IS	151	915	915	0	0
IS	152	770	770	0	0
IS	153	762	762	0	0
IS	154	943	943	0	0
IS	155	960	960	0	0
IS	156	835	835	0	0
IS	157	652	652	0	0
IS	158	686	686	0	0
IS	159	577	577	0	0
IS	160	753	753	0	0
IS	161	543	543	0	0
IS	162	489	489	0	0
IS	163	466	466	0	0
IS	164	471	471	0	0
IS	165	511	511	0	0
IS	166	436	436	0	0
IS	167	463	463	0	0
IS	168	403	403	0	0
IS	169	408	408	0	0
IS	170	438	438	0	0
IS	171	423	423	0	0
IS	172	383	383	0	0
IS	173	360	360	0	0
IS	174	407	407	0	0
IS	175	378	378	0	0
IS	176	342	342	0	0
IS	177	313	313	0	0
IS	178	334	334	0	0
IS	179	395	395	0	0
IS	180	350	350	0	0
IS	181	417	417	0	0
IS	182	361	361	0	0
IS	183	354	354	0	0
IS	184	395	395	0	0
IS	185	293	293	0	0
IS	186	272	271	1	0
IS	187	288	288	0	0
IS	188	486	486	0	0
IS	189	326	326	0	0
IS	190	312	312	0	0
IS	191	305	305	0	0
IS	192	311	311	0	0
IS	193	344	344	0	0
IS	194	267	267	0	0
IS	195	242	242	0	0
IS	196	264	264	0	0
IS	197	265	265	0	0
IS	198	230	230	0	0
IS	199	246	246	0	0
IS	200	219	219	0	0
IS	201	218	218	0	0
IS	202	214	214	0	0
IS	203	199	199	0	0
IS	204	230	230	0	0
IS	205	213	213	0	0
IS	206	197	197	0	0
IS	207	216	216	0	0
IS	208	202	202	0	0
IS	209	176	176	0	0
IS	210	192	192	0	0
IS	211	189	189	0	0
IS	212	190	190	0	0
IS	213	198	198	0	0
IS	214	163	163	0	0
IS	215	183	183	0	0
IS	216	159	159	0	0
IS	217	188	188	0	0
IS	218	181	181	0	0
IS	219	147	147	0	0
IS	220	168	168	0	0
IS	221	178	178	0	0
IS	222	154	154	0	0
IS	223	148	148	0	0
IS	224	176	176	0	0
IS	225	136	136	0	0
IS	226	129	129	0	0
IS	227	149	149	0	0
IS	228	139	139	0	0
IS	229	138	138	0	0
IS	230	143	143	0	0
IS	231	139	139	0	0
IS	232	125	125	0	0
IS	233	148	148	0	0
IS	234	119	119	0	0
IS	235	117	116	0	1
IS	236	132	132	0	0
IS	237	106	106	0	0
IS	238	110	110	0	0
IS	239	101	101	0	0
IS	240	113	113	0	0
IS	241	111	111	0	0
IS	242	120	120	0	0
IS	243	103	103	0	0
IS	244	83	83	0	0
IS	245	107	107	0	0
IS	246	112	112	0	0
IS	247	93	93	0	0
IS	248	105	105	0	0
IS	249	82	82	0	0
IS	250	92	92	0	0
IS	251	117	117	0	0
IS	252	97	97	0	0
IS	253	78	78	0	0
IS	254	82	82	0	0
IS	255	93	93	0	0
IS	256	99	99	0	0
IS	257	91	91	0	0
IS	258	88	88	0	0
IS	259	91	91	0	0
IS	260	73	73	0	0
IS	261	73	73	0	0
IS	262	82	82	0	0
IS	263	97	97	0	0
IS	264	78	78	0	0
IS	265	78	78	0	0
IS	266	77	77	0	0
IS	267	73	73	0	0
IS	268	76	76	0	0
IS	269	81	81	0	0
IS	270	86	86	0	0
IS	271	76	76	0	0
IS	272	60	60	0	0
IS	273	73	73	0	0
IS	274	75	75	0	0
IS	275	77	77	0	0
IS	276	70	70	0	0
IS	277	56	56	0	0
IS	278	72	72	0	0
IS	279	60	60	0	0
IS	280	74	74	0	0
IS	281	58	58	0	0
IS	282	63	63	0	0
IS	283	61	61	0	0
IS	284	59	59	0	0
IS	285	47	47	0	0
IS	286	60	60	0	0
IS	287	48	48	0	0
IS	288	62	62	0	0
IS	289	66	66	0	0
IS	290	73	73	0	0
IS	291	58	58	0	0
IS	292	66	66	0	0
IS	293	59	59	0	0
IS	294	40	40	0	0
IS	295	31	31	0	0
IS	296	46	46	0	0
IS	297	51	51	0	0
IS	298	54	54	0	0
IS	299	47	47	0	0
IS	300	40	40	0	0
IS	301	56	56	0	0
IS	302	37	37	0	0
IS	303	36	36	0	0
IS	304	43	43	0	0
IS	305	49	49	0	0
IS	306	42	42	0	0
IS	307	38	38	0	0
IS	308	47	47	0	0
IS	309	43	43	0	0
IS	310	54	54	0	0
IS	311	67	67	0	0
IS	312	55	55	0	0
IS	313	27	27	0	0
IS	314	27	27	0	0
IS	315	34	34	0	0
IS	316	30	30	0	0
IS	317	35	35	0	0
IS	318	32	32	0	0
IS	319	24	24	0	0
IS	320	26	26	0	0
IS	321	32	32	0	0
IS	322	26	26	0	0
IS	323	32	32	0	0
IS	324	22	22	0	0
IS	325	45	45	0	0
IS	326	20	20	0	0
IS	327	39	39	0	0
IS	328	25	25	0	0
IS	329	32	32	0	0
IS	330	30	30	0	0
IS	331	30	30	0	0
IS	332	18	18	0	0
IS	333	24	24	0	0
IS	334	31	31	0	0
IS	335	31	31	0	0
IS	336	33	33	0	0
IS	337	23	23	0	0
IS	338	20	20	0	0
IS	339	31	31	0	0
IS	340	21	21	0	0
IS	341	34	34	0	0
IS	342	41	41	0	0
IS	343	23	23	0	0
IS	344	17	17	0	0
IS	345	22	22	0	0
IS	346	26	26	0	0
IS	347	29	29	0	0
IS	348	22	22	0	0
IS	349	26	26	0	0
IS	350	31	31	0	0
IS	351	13	13	0	0
IS	352	26	26	0	0
IS	353	21	21	0	0
IS	354	23	23	0	0
IS	355	22	22	0	0
IS	356	17	17	0	0
IS	357	21	21	0	0
IS	358	15	15	0	0
IS	359	21	21	0	0
IS	360	22	22	0	0
# Read lengths. Use `grep ^RL | cut -f 2-` to extract this part. The columns are: read length, count
RL	50	175
RL	51	159
RL	52	162
RL	53	176
RL	54	178
RL	55	156
RL	56	177
RL	57	181
RL	58	182
RL	59	186
RL	60	222
RL	61	181
RL	62	176
RL	63	214
RL	64	188
RL	65	182
RL	66	221
RL	67	214
RL	68	200
RL	69	174
RL	70	189
RL	71	200
RL	72	182
RL	73	173
RL	74	222
RL	75	217
RL	76	205
RL	77	189
RL	78	250
RL	79	192
RL	80	198
RL	81	202
RL	82	192
RL	83	197
RL	84	212
RL	85	204
RL	86	207
RL	87	175
RL	88	193
RL	89	219
RL	90	205
RL	91	227
RL	92	246
RL	93	241
RL	94	322
RL	95	263
RL	96	327
RL	97	374
RL	98	336
RL	99	1034
RL	100	241847
# Read lengths - first fragments. Use `grep ^FRL | cut -f 2-` to extract this part. The columns are: read length, count
FRL	50	57
FRL	51	69
FRL	52	79
FRL	53	77
FRL	54	77
FRL	55	69
FRL	56	79
FRL	57	87
FRL	58	76
FRL	59	78
FRL	60	115
FRL	61	87
FRL	62	83
FRL	63	104
FRL	64	86
FRL	65	96
FRL	66	95
FRL	67	127
FRL	68	87
FRL	69	75
FRL	70	86
FRL	71	89
FRL	72	92
FRL	73	86
FRL	74	108
FRL	75	105
FRL	76	102
FRL	77	93
FRL	78	119
FRL	79	76
FRL	80	117
FRL	81	92
FRL	82	105
FRL	83	103
FRL	84	119
FRL	85	95
FRL	86	115
FRL	87	91
FRL	88	92
FRL	89	112
FRL	90	116
FRL	91	128
FRL	92	140
FRL	93	125
FRL	94	161
FRL	95	137
FRL	96	167
FRL	97	142
FRL	98	199
FRL	99	536
FRL	100	121021
# Read lengths - last fragments. Use `grep ^LRL | cut -f 2-` to extract this part. The columns are: read length, count
LRL	50	118
LRL	51	90
LRL	52	83
LRL	53	99
LRL	54	101
LRL	55	87
LRL	56	98
LRL	57	94
LRL	58	106
LRL	59	108
LRL	60	107
LRL	61	94
LRL	62	93
LRL	63	110
LRL	64	102
LRL	65	86
LRL	66	126
LRL	67	87
LRL	68	113
LRL	69	99
LRL	70	103
LRL	71	111
LRL	72	90
LRL	73	87
LRL	74	114
LRL	75	112
LRL	76	103
LRL	77	96
LRL	78	131
LRL	79	116
LRL	80	81
LRL	81	110
LRL	82	87
LRL	83	94
LRL	84	93
LRL	85	109
LRL	86	92
LRL	87	84
LRL	88	101
LRL	89	107
LRL	90	89
LRL	91	99
LRL	92	106
LRL	93	116
LRL	94	161
LRL	95	126
LRL	96	160
LRL	97	232
LRL	98	137
LRL	99	498
LRL	100	120826
# Mapping qualities for reads !(UNMAP|SECOND|SUPPL|QCFAIL|DUP). Use `grep ^MAPQ | cut -f 2-` to extract this part. The columns are: mapq, count
MAPQ	0	3841
MAPQ	1	2
MAPQ	2	2
MAPQ	3	2
MAPQ	4	1
MAPQ	5	3
MAPQ	6	5
MAPQ	7	2
MAPQ	8	1
MAPQ	9	10
MAPQ	10	1
MAPQ	11	4
MAPQ	12	3
MAPQ	13	5
MAPQ	15	10
MAPQ	17	10
MAPQ	18	4
MAPQ	19	4
MAPQ	20	2
MAPQ	21	9
MAPQ	22	3
MAPQ	23	11
MAPQ	24	8
MAPQ	25	9
MAPQ	27	63
MAPQ	28	1
MAPQ	31	8
MAPQ	33	8
MAPQ	34	2
MAPQ	35	2
MAPQ	36	4
MAPQ	37	3
MAPQ	38	5
MAPQ	39	7
MAPQ	40	137
MAPQ	41	3
MAPQ	42	9
MAPQ	43	5
MAPQ	44	3
MAPQ	45	20
MAPQ	46	25
MAPQ	47	22
MAPQ	48	33
MAPQ	49	42
MAPQ	50	122
MAPQ	51	15
MAPQ	52	39
MAPQ	53	8
MAPQ	54	7
MAPQ	55	27
MAPQ	56	13
MAPQ	57	21
MAPQ	58	10
MAPQ	59	10
MAPQ	60	246245
# Indel distribution. Use `grep ^ID | cut -f 2-` to extract this part. The columns are: length, number of insertions, number of deletions
ID	1	1212	1963
ID	2	55	56
ID	3	13	11
ID	4	3	0
ID	5	2	0
# Indels per cycle. Use `grep ^IC | cut -f 2-` to extract this part. The columns are: cycle, number of insertions (fwd), .. (rev) , number of deletions (fwd), .. (rev)
IC	3	0	0	24	470
IC	4	9	241	11	483
IC	5	4	142	4	100
IC	6	1	93	1	1
IC	7	1	4	2	2
IC	8	1	0	7	2
IC	9	3	3	6	6
IC	10	2	6	1	4
IC	11	2	3	3	6
IC	12	1	7	6	5
IC	13	0	6	6	8
IC	14	2	6	11	14
IC	15	1	2	5	3
IC	16	2	5	1	6
IC	17	1	6	2	3
IC	18	0	2	3	5
IC	19	1	4	3	4
IC	20	2	5	6	1
IC	21	2	1	4	6
IC	22	3	4	5	3
IC	23	1	2	8	6
IC	24	6	4	4	5
IC	25	1	3	7	2
IC	26	3	1	2	5
IC	27	2	3	5	9
IC	28	2	4	4	8
IC	29	7	2	3	5
IC	30	3	1	4	3
IC	31	0	3	3	5
IC	32	5	2	4	4
IC	33	2	3	4	5
IC	34	3	4	4	6
IC	35	1	2	6	4
IC	36	5	2	3	2
IC	37	2	2	8	1
IC	38	5	4	6	4
IC	39	1	3	5	4
IC	40	5	1	1	4
IC	41	2	0	4	4
IC	42	5	2	6	2
IC	43	3	3	5	7
IC	44	1	2	4	5
IC	45	8	2	7	1
IC	46	3	1	3	4
IC	47	5	2	6	10
IC	48	8	6	3	1
IC	49	5	4	5	3
IC	50	3	5	5	5
IC	51	5	1	4	6
IC	52	2	1	2	3
IC	53	2	4	1	3
IC	54	3	0	2	3
IC	55	2	1	5	5
IC	56	4	0	8	9
IC	57	6	2	2	5
IC	58	1	1	4	4
IC	59	4	1	5	2
IC	60	2	2	2	1
IC	61	3	3	5	3
IC	62	4	2	3	5
IC	63	2	1	3	2
IC	64	2	1	10	4
IC	65	3	3	5	1
IC	66	1	2	3	5
IC	67	1	4	4	2
IC	68	3	3	2	3
IC	69	3	7	4	1
IC	70	5	6	4	4
IC	71	4	4	4	3
IC	72	2	7	3	3
IC	73	2	6	4	0
IC	74	1	2	4	2
IC	75	1	2	6	1
IC	76	2	2	7	3
IC	77	1	3	5	7
IC	78	4	3	2	7
IC	79	3	2	3	1
IC	80	3	1	1	2
IC	81	2	0	4	9
IC	82	3	2	2	5
IC	83	2	2	6	7
IC	84	4	1	1	1
IC	85	1	5	4	5
IC	86	2	0	4	5
IC	87	3	2	4	4
IC	88	4	20	6	5
IC	89	3	4	8	4
IC	90	3	5	9	2
IC	91	8	2	11	3
IC	92	0	2	18	2
IC	93	11	0	6	4
IC	94	25	0	13	3
IC	95	51	1	24	5
IC	96	89	10	35	19
IC	97	98	14	59	20
# Coverage distribution. Use `grep ^COV | cut -f 2-` to extract this part.
COV	[1-1]	1	323209
COV	[2-2]	2	292968
COV	[3-3]	3	158766
COV	[4-4]	4	133434
COV	[5-5]	5	94477
COV	[6-6]	6	76426
COV	[7-7]	7	59368
COV	[8-8]	8	48124
COV	[9-9]	9	40592
COV	[10-10]	10	34285
COV	[11-11]	11	29859
COV	[12-12]	12	24025
COV	[13-13]	13	21927
COV	[14-14]	14	19029
COV	[15-15]	15	17461
COV	[16-16]	16	15020
COV	[17-17]	17	13148
COV	[18-18]	18	11941
COV	[19-19]	19	10957
COV	[20-20]	20	10511
COV	[21-21]	21	9545
COV	[22-22]	22	8293
COV	[23-23]	23	7764
COV	[24-24]	24	6947
COV	[25-25]	25	6439
COV	[26-26]	26	6272
COV	[27-27]	27	5815
COV	[28-28]	28	5215
COV	[29-29]	29	5179
COV	[30-30]	30	4333
COV	[31-31]	31	4672
COV	[32-32]	32	3795
COV	[33-33]	33	3827
COV	[34-34]	34	3822
COV	[35-35]	35	3554
COV	[36-36]	36	3328
COV	[37-37]	37	3279
COV	[38-38]	38	2791
COV	[39-39]	39	2689
COV	[40-40]	40	2667
COV	[41-41]	41	2318
COV	[42-42]	42	2366
COV	[43-43]	43	2216
COV	[44-44]	44	2105
COV	[45-45]	45	1826
COV	[46-46]	46	1820
COV	[47-47]	47	1769
COV	[48-48]	48	1807
COV	[49-49]	49	1765
COV	[50-50]	50	1420
COV	[51-51]	51	1445
COV	[52-52]	52	1465
COV	[53-53]	53	1284
COV	[54-54]	54	1191
COV	[55-55]	55	1211
COV	[56-56]	56	1311
COV	[57-57]	57	1302
COV	[58-58]	58	1136
COV	[59-59]	59	972
COV	[60-60]	60	968
COV	[61-61]	61	1024
COV	[62-62]	62	1079
COV	[63-63]	63	949
COV	[64-64]	64	845
COV	[65-65]	65	930
COV	[66-66]	66	791
COV	[67-67]	67	848
COV	[68-68]	68	889
COV	[69-69]	69	943
COV	[70-70]	70	857
COV	[71-71]	71	809
COV	[72-72]	72	748
COV	[73-73]	73	769
COV	[74-74]	74	843
COV	[75-75]	75	705
COV	[76-76]	76	679
COV	[77-77]	77	585
COV	[78-78]	78	562
COV	[79-79]	79	665
COV	[80-80]	80	597
COV	[81-81]	81	518
COV	[82-82]	82	531
COV	[83-83]	83	579
COV	[84-84]	84	558
COV	[85-85]	85	487
COV	[86-86]	86	470
COV	[87-87]	87	434
COV	[88-88]	88	407
COV	[89-89]	89	445
COV	[90-90]	90	393
COV	[91-91]	91	527
COV	[92-92]	92	512
COV	[93-93]	93	507
COV	[94-94]	94	496
COV	[95-95]	95	384
COV	[96-96]	96	452
COV	[97-97]	97	375
COV	[98-98]	98	331
COV	[99-99]	99	310
COV	[100-100]	100	339
COV	[101-101]	101	326
COV	[102-102]	102	240
COV	[103-103]	103	224
COV	[104-104]	104	204
COV	[105-105]	105	234
COV	[106-106]	106	254
COV	[107-107]	107	241
COV	[108-108]	108	245
COV	[109-109]	109	250
COV	[110-110]	110	238
COV	[111-111]	111	209
COV	[112-112]	112	253
COV	[113-113]	113	252
COV	[114-114]	114	253
COV	[115-115]	115	258
COV	[116-116]	116	270
COV	[117-117]	117	235
COV	[118-118]	118	225
COV	[119-119]	119	210
COV	[120-120]	120	238
COV	[121-121]	121	228
COV	[122-122]	122	225
COV	[123-123]	123	242
COV	[124-124]	124	207
COV	[125-125]	125	169
COV	[126-126]	126	208
COV	[127-127]	127	191
COV	[128-128]	128	206
COV	[129-129]	129	211
COV	[130-130]	130	165
COV	[131-131]	131	173
COV	[132-132]	132	155
COV	[133-133]	133	152
COV	[134-134]	134	149
COV	[135-135]	135	141
COV	[136-136]	136	151
COV	[137-137]	137	114
COV	[138-138]	138	120
COV	[139-139]	139	120
COV	[140-140]	140	148
COV	[141-141]	141	178
COV	[142-142]	142	143
COV	[143-143]	143	117
COV	[144-144]	144	118
COV	[145-145]	145	87
COV	[146-146]	146	108
COV	[147-147]	147	113
COV	[148-148]	148	91
COV	[149-149]	149	127
COV	[150-150]	150	147
COV	[151-151]	151	119
COV	[152-152]	152	62
COV	[153-153]	153	57
COV	[154-154]	154	96
COV	[155-155]	155	97
COV	[156-156]	156	90
COV	[157-157]	157	80
COV	[158-158]	158	97
COV	[159-159]	159	82
COV	[160-160]	160	81
COV	[161-161]	161	109
COV	[162-162]	162	120
COV	[163-163]	163	64
COV	[164-164]	164	100
COV	[165-165]	165	119
COV	[166-166]	166	144
COV	[167-167]	167	101
COV	[168-168]	168	72
COV	[169-169]	169	98
COV	[170-170]	170	118
COV	[171-171]	171	115
COV	[172-172]	172	116
COV	[173-173]	173	104
COV	[174-174]	174	102
COV	[175-175]	175	73
COV	[176-176]	176	47
COV	[177-177]	177	74
COV	[178-178]	178	88
COV	[179-179]	179	70
COV	[180-180]	180	83
COV	[181-181]	181	76
COV	[182-182]	182	72
COV	[183-183]	183	102
COV	[184-184]	184	76
COV	[185-185]	185	90
COV	[186-186]	186	72
COV	[187-187]	187	80
COV	[188-188]	188	78
COV	[189-189]	189	78
COV	[190-190]	190	82
COV	[191-191]	191	69
COV	[192-192]	192	80
COV	[193-193]	193	92
COV	[194-194]	194	94
COV	[195-195]	195	64
COV	[196-196]	196	100
COV	[197-197]	197	70
COV	[198-198]	198	60
COV	[199-199]	199	71
COV	[200-200]	200	54
COV	[201-201]	201	70
COV	[202-202]	202	69
COV	[203-203]	203	64
COV	[204-204]	204	79
COV	[205-205]	205	67
COV	[206-206]	206	59
COV	[207-207]	207	44
COV	[208-208]	208	64
COV	[209-209]	209	55
COV	[210-210]	210	58
COV	[211-211]	211	74
COV	[212-212]	212	49
COV	[213-213]	213	54
COV	[214-214]	214	58
COV	[215-215]	215	61
COV	[216-216]	216	106
COV	[217-217]	217	84
COV	[218-218]	218	75
COV	[219-219]	219	57
COV	[220-220]	220	62
COV	[221-221]	221	39
COV	[222-222]	222	47
COV	[223-223]	223	43
COV	[224-224]	224	52
COV	[225-225]	225	51
COV	[226-226]	226	48
COV	[227-227]	227	35
COV	[228-228]	228	41
COV	[229-229]	229	34
COV	[230-230]	230	57
COV	[231-231]	231	59
COV	[232-232]	232	31
COV	[233-233]	233	57
COV	[234-234]	234	56
COV	[235-235]	235	77
COV	[236-236]	236	58
COV	[237-237]	237	45
COV	[238-238]	238	47
COV	[239-239]	239	24
COV	[240-240]	240	34
COV	[241-241]	241	25
COV	[242-242]	242	30
COV	[243-243]	243	50
COV	[244-244]	244	31
COV	[245-245]	245	43
COV	[246-246]	246	38
COV	[247-247]	247	41
COV	[248-248]	248	37
COV	[249-249]	249	45
COV	[250-250]	250	29
COV	[251-251]	251	50
COV	[252-252]	252	38
COV	[253-253]	253	23
COV	[254-254]	254	10
COV	[255-255]	255	26
COV	[256-256]	256	25
COV	[257-257]	257	31
COV	[258-258]	258	26
COV	[259-259]	259	24
COV	[260-260]	260	18
COV	[261-261]	261	20
COV	[262-262]	262	19
COV	[263-263]	263	31
COV	[264-264]	264	9
COV	[265-265]	265	8
COV	[266-266]	266	18
COV	[267-267]	267	21
COV	[268-268]	268	18
COV	[269-269]	269	27
COV	[270-270]	270	33
COV	[271-271]	271	33
COV	[272-272]	272	35
COV	[273-273]	273	30
COV	[274-274]	274	38
COV	[275-275]	275	43
COV	[276-276]	276	51
COV	[277-277]	277	39
COV	[278-278]	278	24
COV	[279-279]	279	22
COV	[280-280]	280	32
COV	[281-281]	281	26
COV	[282-282]	282	22
COV	[283-283]	283	17
COV	[284-284]	284	18
COV	[285-285]	285	16
COV	[286-286]	286	23
COV	[287-287]	287	24
COV	[288-288]	288	28
COV	[289-289]	289	29
COV	[290-290]	290	20
COV	[291-291]	291	12
COV	[292-292]	292	34
COV	[293-293]	293	18
COV	[294-294]	294	26
COV	[295-295]	295	19
COV	[296-296]	296	15
COV	[297-297]	297	20
COV	[298-298]	298	23
COV	[299-299]	299	17
COV	[300-300]	300	9
COV	[301-301]	301	11
COV	[302-302]	302	6
COV	[303-303]	303	9
COV	[304-304]	304	12
COV	[305-305]	305	18
COV	[306-306]	306	17
COV	[307-307]	307	19
COV	[308-308]	308	29
COV	[309-309]	309	27
COV	[310-310]	310	35
COV	[311-311]	311	24
COV	[312-312]	312	14
COV	[313-313]	313	11
COV	[314-314]	314	12
COV	[315-315]	315	10
COV	[316-316]	316	9
COV	[317-317]	317	17
COV	[318-318]	318	24
COV	[319-319]	319	11
COV	[320-320]	320	24
COV	[321-321]	321	12
COV	[322-322]	322	9
COV	[323-323]	323	7
COV	[324-324]	324	9
COV	[325-325]	325	9
COV	[326-326]	326	3
COV	[327-327]	327	15
COV	[328-328]	328	7
COV	[329-329]	329	10
COV	[330-330]	330	9
COV	[331-331]	331	13
COV	[332-332]	332	8
COV	[333-333]	333	9
COV	[334-334]	334	10
COV	[335-335]	335	7
COV	[336-336]	336	5
COV	[337-337]	337	7
COV	[338-338]	338	6
COV	[339-339]	339	15
COV	[340-340]	340	9
COV	[341-341]	341	11
COV	[342-342]	342	8
COV	[343-343]	343	16
COV	[344-344]	344	9
COV	[345-345]	345	9
COV	[346-346]	346	12
COV	[347-347]	347	8
COV	[348-348]	348	22
COV	[349-349]	349	13
COV	[350-350]	350	25
COV	[351-351]	351	12
COV	[352-352]	352	8
COV	[353-353]	353	7
COV	[354-354]	354	9
COV	[355-355]	355	7
COV	[356-356]	356	6
COV	[357-357]	357	20
COV	[358-358]	358	11
COV	[359-359]	359	8
COV	[360-360]	360	8
COV	[361-361]	361	12
COV	[362-362]	362	15
COV	[363-363]	363	10
COV	[364-364]	364	4
COV	[365-365]	365	10
COV	[366-366]	366	6
COV	[367-367]	367	6
COV	[368-368]	368	6
COV	[369-369]	369	6
COV	[370-370]	370	6
COV	[371-371]	371	3
COV	[372-372]	372	3
COV	[373-373]	373	4
COV	[374-374]	374	4
COV	[375-375]	375	3
COV	[376-376]	376	1
COV	[377-377]	377	7
COV	[378-378]	378	6
COV	[379-379]	379	10
COV	[380-380]	380	9
COV	[381-381]	381	7
COV	[382-382]	382	6
COV	[383-383]	383	12
COV	[384-384]	384	23
COV	[385-385]	385	5
COV	[386-386]	386	12
COV	[387-387]	387	7
COV	[388-388]	388	5
COV	[389-389]	389	2
COV	[390-390]	390	2
COV	[391-391]	391	7
COV	[392-392]	392	4
COV	[393-393]	393	2
COV	[395-395]	395	8
COV	[396-396]	396	3
COV	[397-397]	397	4
COV	[398-398]	398	3
COV	[399-399]	399	4
COV	[400-400]	400	1
COV	[401-401]	401	3
COV	[402-402]	402	5
COV	[403-403]	403	1
COV	[404-404]	404	7
COV	[405-405]	405	5
COV	[406-406]	406	2
COV	[407-407]	407	8
COV	[408-408]	408	10
COV	[409-409]	409	6
COV	[410-410]	410	5
COV	[411-411]	411	7
COV	[412-412]	412	2
COV	[413-413]	413	7
COV	[414-414]	414	5
COV	[415-415]	415	2
COV	[416-416]	416	4
COV	[417-417]	417	6
COV	[418-418]	418	6
COV	[419-419]	419	2
COV	[420-420]	420	1
COV	[421-421]	421	1
COV	[422-422]	422	1
COV	[423-423]	423	2
COV	[424-424]	424	1
COV	[425-425]	425	5
COV	[426-426]	426	3
COV	[428-428]	428	2
COV	[429-429]	429	2
COV	[430-430]	430	1
COV	[431-431]	431	3
COV	[432-432]	432	2
COV	[433-433]	433	2
COV	[434-434]	434	1
COV	[435-435]	435	5
COV	[436-436]	436	7
COV	[437-437]	437	4
COV	[438-438]	438	1
COV	[439-439]	439	4
COV	[440-440]	440	2
COV	[441-441]	441	3
COV	[442-442]	442	7
COV	[443-443]	443	7
COV	[444-444]	444	10
COV	[445-445]	445	4
COV	[446-446]	446	2
COV	[447-447]	447	2
COV	[449-449]	449	2
COV	[450-450]	450	5
COV	[451-451]	451	2
COV	[452-452]	452	2
COV	[454-454]	454	3
COV	[455-455]	455	7
COV	[456-456]	456	9
COV	[457-457]	457	5
COV	[458-458]	458	5
COV	[459-459]	459	5
COV	[460-460]	460	3
COV	[461-461]	461	5
COV	[463-463]	463	4
COV	[464-464]	464	2
COV	[465-465]	465	3
COV	[466-466]	466	4
COV	[467-467]	467	2
COV	[468-468]	468	3
COV	[470-470]	470	4
COV	[471-471]	471	2
COV	[472-472]	472	1
COV	[473-473]	473	6
COV	[474-474]	474	6
COV	[475-475]	475	1
COV	[476-476]	476	1
COV	[477-477]	477	2
COV	[478-478]	478	1
COV	[479-479]	479	1
COV	[481-481]	481	2
COV	[483-483]	483	1
COV	[486-486]	486	1
COV	[487-487]	487	3
COV	[488-488]	488	3
COV	[489-489]	489	5
COV	[490-490]	490	3
COV	[491-491]	491	3
COV	[492-492]	492	1
COV	[495-495]	495	1
COV	[496-496]	496	4
COV	[497-497]	497	3
COV	[498-498]	498	1
COV	[499-499]	499	1
COV	[500-500]	500	1
COV	[503-503]	503	2
COV	[507-507]	507	2
COV	[509-509]	509	1
COV	[510-510]	510	2
COV	[512-512]	512	2
COV	[513-513]	513	1
COV	[514-514]	514	6
COV	[515-515]	515	2
COV	[517-517]	517	1
COV	[518-518]	518	2
COV	[519-519]	519	2
COV	[520-520]	520	2
COV	[521-521]	521	1
COV	[523-523]	523	3
COV	[524-524]	524	2
COV	[525-525]	525	2
COV	[526-526]	526	1
COV	[527-527]	527	3
COV	[528-528]	528	3
COV	[529-529]	529	4
COV	[530-530]	530	2
COV	[531-531]	531	3
COV	[532-532]	532	8
COV	[533-533]	533	2
COV	[534-534]	534	2
COV	[536-536]	536	1
COV	[537-537]	537	2
COV	[538-538]	538	2
COV	[540-540]	540	2
COV	[541-541]	541	2
COV	[542-542]	542	1
COV	[543-543]	543	2
COV	[544-544]	544	2
COV	[545-545]	545	1
COV	[546-546]	546	2
COV	[547-547]	547	1
COV	[548-548]	548	5
COV	[549-549]	549	7
COV	[550-550]	550	3
COV	[551-551]	551	5
COV	[552-552]	552	3
COV	[553-553]	553	3
COV	[554-554]	554	4
COV	[555-555]	555	3
COV	[556-556]	556	12
COV	[557-557]	557	4
COV	[558-558]	558	8
COV	[559-559]	559	4
COV	[560-560]	560	3
COV	[561-561]	561	4
COV	[562-562]	562	7
COV	[563-563]	563	5
COV	[564-564]	564	9
COV	[565-565]	565	3
COV	[566-566]	566	4
COV	[567-567]	567	4
COV	[568-568]	568	3
COV	[569-569]	569	2
COV	[570-570]	570	3
COV	[571-571]	571	1
COV	[573-573]	573	2
COV	[575-575]	575	3
COV	[577-577]	577	1
COV	[580-580]	580	3
COV	[582-582]	582	1
COV	[583-583]	583	1
COV	[584-584]	584	4
COV	[585-585]	585	1
COV	[586-586]	586	2
COV	[587-587]	587	1
COV	[589-589]	589	3
COV	[590-590]	590	1
COV	[591-591]	591	2
COV	[592-592]	592	1
COV	[593-593]	593	1
COV	[595-595]	595	3
COV	[596-596]	596	4
COV	[597-597]	597	2
COV	[599-599]	599	2
COV	[600-600]	600	2
COV	[603-603]	603	1
COV	[604-604]	604	1
COV	[606-606]	606	4
COV	[607-607]	607	2
COV	[608-608]	608	2
COV	[612-612]	612	3
COV	[613-613]	613	1
COV	[618-618]	618	1
COV	[619-619]	619	2
COV	[620-620]	620	2
COV	[621-621]	621	2
COV	[625-625]	625	2
COV	[626-626]	626	4
COV	[627-627]	627	1
COV	[628-628]	628	1
COV	[629-629]	629	1
COV	[630-630]	630	1
COV	[631-631]	631	1
COV	[632-632]	632	1
COV	[633-633]	633	1
COV	[634-634]	634	2
COV	[635-635]	635	2
COV	[636-636]	636	2
COV	[637-637]	637	2
COV	[639-639]	639	1
COV	[641-641]	641	3
COV	[642-642]	642	4
COV	[643-643]	643	1
COV	[648-648]	648	1
COV	[652-652]	652	1
COV	[654-654]	654	2
COV	[655-655]	655	1
COV	[656-656]	656	1
COV	[659-659]	659	2
COV	[661-661]	661	2
COV	[662-662]	662	1
COV	[664-664]	664	1
COV	[666-666]	666	1
COV	[670-670]	670	1
COV	[677-677]	677	1
COV	[679-679]	679	1
COV	[680-680]	680	1
COV	[682-682]	682	1
COV	[683-683]	683	2
COV	[684-684]	684	1
COV	[685-685]	685	2
COV	[686-686]	686	2
COV	[687-687]	687	5
COV	[688-688]	688	1
COV	[690-690]	690	1
COV	[691-691]	691	1
COV	[692-692]	692	1
COV	[693-693]	693	1
COV	[695-695]	695	3
COV	[696-696]	696	1
COV	[701-701]	701	3
COV	[702-702]	702	1
COV	[705-705]	705	3
COV	[709-709]	709	1
COV	[710-710]	710	1
COV	[711-711]	711	4
COV	[712-712]	712	1
COV	[713-713]	713	1
COV	[714-714]	714	2
COV	[715-715]	715	3
COV	[716-716]	716	4
COV	[717-717]	717	4
COV	[722-722]	722	1
COV	[723-723]	723	1
COV	[724-724]	724	1
COV	[728-728]	728	1
COV	[729-729]	729	1
COV	[730-730]	730	1
COV	[735-735]	735	1
COV	[737-737]	737	2
COV	[738-738]	738	1
COV	[739-739]	739	1
COV	[740-740]	740	1
COV	[742-742]	742	1
COV	[743-743]	743	1
COV	[744-744]	744	2
COV	[745-745]	745	1
COV	[747-747]	747	1
COV	[754-754]	754	2
COV	[755-755]	755	2
COV	[756-756]	756	1
COV	[757-757]	757	4
COV	[758-758]	758	1
COV	[759-759]	759	2
COV	[760-760]	760	1
COV	[761-761]	761	1
COV	[762-762]	762	2
COV	[764-764]	764	1
COV	[767-767]	767	1
COV	[774-774]	774	1
COV	[775-775]	775	1
COV	[778-778]	778	2
COV	[781-781]	781	1
COV	[782-782]	782	1
COV	[783-783]	783	1
COV	[784-784]	784	2
COV	[785-785]	785	1
COV	[786-786]	786	2
COV	[789-789]	789	1
COV	[790-790]	790	2
COV	[792-792]	792	1
COV	[793-793]	793	1
COV	[794-794]	794	1
COV	[795-795]	795	1
COV	[797-797]	797	3
COV	[798-798]	798	2
COV	[801-801]	801	1
COV	[806-806]	806	1
COV	[808-808]	808	2
COV	[809-809]	809	1
COV	[811-811]	811	1
COV	[812-812]	812	2
COV	[815-815]	815	1
COV	[816-816]	816	1
COV	[817-817]	817	1
COV	[818-818]	818	1
COV	[821-821]	821	2
COV	[822-822]	822	1
COV	[823-823]	823	1
COV	[828-828]	828	1
COV	[829-829]	829	2
COV	[833-833]	833	1
COV	[834-834]	834	1
COV	[835-835]	835	2
COV	[836-836]	836	1
COV	[838-838]	838	1
COV	[839-839]	839	1
COV	[841-841]	841	1
COV	[842-842]	842	2
COV	[856-856]	856	2
COV	[860-860]	860	1
COV	[862-862]	862	1
COV	[867-867]	867	1
COV	[873-873]	873	1
COV	[875-875]	875	1
COV	[877-877]	877	1
COV	[879-879]	879	1
COV	[883-883]	883	1
COV	[885-885]	885	1
COV	[887-887]	887	1
COV	[889-889]	889	1
COV	[891-891]	891	1
COV	[900-900]	900	1
COV	[904-904]	904	1
COV	[908-908]	908	1
COV	[912-912]	912	1
COV	[917-917]	917	1
COV	[924-924]	924	1
COV	[925-925]	925	1
COV	[928-928]	928	2
COV	[929-929]	929	1
COV	[931-931]	931	1
COV	[935-935]	935	3
COV	[938-938]	938	1
COV	[939-939]	939	1
COV	[941-941]	941	2
COV	[942-942]	942	4
COV	[943-943]	943	1
COV	[945-945]	945	4
COV	[948-948]	948	1
COV	[953-953]	953	1
COV	[954-954]	954	1
COV	[956-956]	956	1
COV	[964-964]	964	1
COV	[965-965]	965	1
COV	[967-967]	967	1
COV	[969-969]	969	1
COV	[973-973]	973	1
COV	[976-976]	976	1
COV	[977-977]	977	1
COV	[978-978]	978	1
COV	[980-980]	980	1
COV	[981-981]	981	1
COV	[982-982]	982	2
COV	[983-983]	983	1
COV	[986-986]	986	2
COV	[987-987]	987	1
COV	[988-988]	988	2
COV	[989-989]	989	2
COV	[990-990]	990	1
COV	[991-991]	991	1
COV	[992-992]	992	1
COV	[993-993]	993	1
COV	[995-995]	995	1
COV	[996-996]	996	1
COV	[997-997]	997	1
COV	[999-999]	999	1
COV	[1000<]	1000	726
# GC-depth. Use `grep ^GCD | cut -f 2-` to extract this part. The columns are: GC%, unique sequence percentiles, 10th, 25th, 50th, 75th and 90th depth percentile
GCD	0.0	1.212	0.000	0.000	0.000	0.000	0.000
GCD	32.0	2.424	0.896	0.896	1.661	2.426	2.426
GCD	33.0	3.636	0.441	0.441	0.953	1.466	1.466
GCD	34.0	4.242	0.436	0.436	0.436	0.436	0.436
GCD	35.0	7.273	0.272	0.745	1.223	9.967	17.384
GCD	36.0	9.697	0.040	0.153	0.743	3.593	4.461
GCD	37.0	16.364	0.385	0.693	1.104	3.001	5.936
GCD	38.0	27.879	0.391	0.574	1.426	1.936	3.887
GCD	39.0	38.788	0.875	1.454	3.785	6.521	9.827
GCD	40.0	54.545	0.752	1.542	3.954	7.079	16.021
GCD	41.0	76.364	2.583	3.382	5.068	9.117	13.745
GCD	42.0	92.121	1.353	3.378	4.622	7.547	20.163
GCD	43.0	96.364	0.545	3.738	6.412	16.468	28.812
GCD	44.0	97.576	0.797	0.797	3.768	6.739	6.739
GCD	46.0	98.182	0.020	0.020	0.020	0.020	0.020
GCD	48.0	98.788	46.068	46.068	46.068	46.068	46.068
GCD	49.0	100.000	1.045	1.045	131.366	261.687	261.687
