# This file was produced by samtools stats (1.21+htslib-1.21) and can be plotted using plot-bamstats
# This file contains statistics for all reads.
# The command line was:  stats ../../../mapping/transcriptome/ERR1797971/ERR1797971_sorted.bam
# CHK, Checksum	[2]Read Names	[3]Sequences	[4]Qualities
# CHK, CRC32 of reads which passed filtering followed by addition (32bit overflow)
CHK	15fda55a	545ea537	058adb52
# Summary Numbers. Use `grep ^SN | cut -f 2-` to extract this part.
SN	raw total sequences:	272606	# excluding supplementary and secondary reads
SN	filtered sequences:	0
SN	sequences:	272606
SN	is sorted:	1
SN	1st fragments:	136303
SN	last fragments:	136303
SN	reads mapped:	270259
SN	reads mapped and paired:	270254	# paired-end technology bit set + both mates mapped
SN	reads unmapped:	2347
SN	reads properly paired:	265120	# proper-pair bit set
SN	reads paired:	272606	# paired-end technology bit set
SN	reads duplicated:	0	# PCR or optical duplicate bit set
SN	reads MQ0:	4487	# mapped and MQ=0
SN	reads QC failed:	0
SN	non-primary alignments:	0
SN	supplementary alignments:	321
SN	total length:	26996333	# ignores clipping
SN	total first fragment length:	13508732	# ignores clipping
SN	total last fragment length:	13487601	# ignores clipping
SN	bases mapped:	26778794	# ignores clipping
SN	bases mapped (cigar):	26152718	# more accurate
SN	bases trimmed:	0
SN	bases duplicated:	0
SN	mismatches:	122815	# from NM fields
SN	error rate:	4.696070e-03	# mismatches / bases mapped (cigar)
SN	average length:	99
SN	average first fragment length:	99
SN	average last fragment length:	99
SN	maximum length:	100
SN	maximum first fragment length:	100
SN	maximum last fragment length:	100
SN	average quality:	37.3
SN	insert size average:	138.9
SN	insert size standard deviation:	49.5
SN	inward oriented pairs:	118867
SN	outward oriented pairs:	16042
SN	pairs with other orientation:	27
SN	pairs on different chromosomes:	191
SN	percentage of properly paired reads (%):	97.3
# First Fragment Qualities. Use `grep ^FFQ | cut -f 2-` to extract this part.
# Columns correspond to qualities and rows to cycles. First column is the cycle number.
FFQ	1	0	0	0	0	0	0	0	0	0	0	148	0	0	0	0	0	302	0	0	14	0	0	72	373	0	466	1183	1619	1308	0	6582	40660	0	12065	71511	0	0	0	0	0	0	0	0
FFQ	2	0	0	0	0	0	0	0	0	0	0	291	0	0	0	0	0	393	0	0	0	0	0	133	344	0	462	1044	1821	999	0	5295	36210	0	6156	83155	0	0	0	0	0	0	0	0
FFQ	3	0	0	0	0	0	0	0	0	0	0	121	0	0	0	0	0	335	0	0	6	0	0	109	318	0	571	924	1800	1170	0	5290	34914	0	6381	84350	14	0	0	0	0	0	0	0
FFQ	4	0	0	0	0	0	0	0	0	0	0	121	0	0	0	0	0	168	0	0	115	0	0	111	0	0	289	481	40	708	5	1393	32	2063	3408	0	25982	0	101387	0	0	0	0	0
FFQ	5	0	0	0	0	0	0	0	0	0	0	131	0	0	0	0	0	159	0	0	90	0	0	118	0	0	232	430	40	627	3	1175	46	1733	3048	0	27079	0	101392	0	0	0	0	0
FFQ	6	0	0	0	0	0	0	0	0	13	0	87	18	0	0	0	12	30	83	72	39	0	19	6	141	0	327	352	85	314	288	1142	262	1924	2610	0	23734	2825	101920	0	0	0	0	0
FFQ	7	0	0	0	0	0	0	0	0	18	0	103	8	0	0	0	5	42	79	69	38	0	13	10	140	0	309	387	121	324	224	1183	265	2000	2573	0	24138	2643	101611	0	0	0	0	0
FFQ	8	0	0	0	0	0	0	0	0	17	0	91	18	0	0	0	19	50	84	68	41	0	23	11	123	0	291	321	134	293	267	1189	303	2057	2558	0	23559	2555	102217	0	14	0	0	0
FFQ	9	0	0	0	0	0	0	0	0	16	0	82	15	0	0	0	16	47	105	70	53	0	29	12	136	0	286	164	435	241	270	1133	264	1843	1756	1275	6918	5	14711	9193	97228	0	0	0
FFQ	10	0	0	0	0	0	0	0	0	38	0	76	16	0	0	0	24	39	84	82	53	0	24	15	137	2	318	152	457	225	269	1208	297	1872	1663	1327	7113	2	15273	8921	96616	0	0	0
FFQ	11	0	0	0	0	0	0	0	0	21	0	75	10	0	0	0	6	27	78	77	41	0	31	18	127	0	287	146	555	122	219	1132	184	1834	1731	1318	6893	4	15097	8957	97313	0	0	0
FFQ	12	0	0	0	0	0	0	0	0	16	0	135	26	0	0	0	16	32	111	82	42	1	27	8	134	3	284	190	613	67	255	1248	159	1798	1859	1251	7059	1	14951	9023	96912	0	0	0
FFQ	13	0	0	0	0	0	0	0	0	23	1	58	17	0	0	0	10	32	93	55	48	1	26	14	131	3	256	163	665	62	277	1201	184	1798	1851	1244	7056	3	14668	9074	97275	2	12	0
FFQ	14	0	0	0	0	0	0	0	0	19	0	91	18	0	0	0	0	29	95	69	50	0	22	12	60	61	292	138	636	40	261	473	813	1221	1897	1416	1233	4315	4110	12313	10298	28663	67658	0
FFQ	15	0	0	0	0	0	0	0	0	24	0	80	17	0	0	0	0	42	111	51	47	1	18	15	52	88	304	143	582	45	256	479	796	1257	1894	1401	1255	4399	4046	12378	10920	28604	66998	0
FFQ	16	0	0	0	0	0	0	0	1	22	1	66	16	0	0	0	3	45	89	68	50	1	35	6	45	101	275	140	640	49	283	497	803	1186	1903	1355	1266	4238	4000	12005	10354	28854	67906	0
FFQ	17	0	0	0	0	0	0	0	0	11	2	59	13	0	0	1	4	38	84	64	45	0	18	7	57	100	247	134	575	48	281	495	751	1152	1868	1388	1275	4312	4055	11689	10290	28714	68526	0
FFQ	18	0	0	0	0	0	0	0	2	14	4	63	17	0	0	0	3	46	66	44	50	2	25	10	65	93	237	123	542	48	269	499	780	1113	1809	1335	1241	4325	4077	11990	9969	28300	69142	0
FFQ	19	0	0	0	0	0	0	0	0	8	3	59	10	0	0	1	5	40	12	126	45	1	17	8	42	126	219	145	562	50	278	488	777	1094	1178	2137	1284	3522	3817	9464	11899	28602	70284	0
FFQ	20	0	0	0	0	0	0	0	1	15	3	60	8	0	0	0	2	33	10	93	54	1	20	12	53	116	205	132	487	46	262	492	748	1009	1073	2016	1335	3484	3863	9566	11524	28648	70932	0
FFQ	21	0	0	0	0	0	0	0	2	15	5	52	12	0	0	0	1	34	17	91	55	3	16	14	49	130	190	118	474	36	257	527	765	1004	1099	1963	1386	3548	3757	9430	11405	28439	71409	0
FFQ	22	0	0	0	0	0	0	0	1	18	13	91	23	0	0	0	8	47	24	106	61	0	19	8	42	160	196	115	543	47	299	488	764	981	1140	1959	1494	3472	3651	9653	11354	28181	71345	0
FFQ	23	0	0	0	0	0	0	0	1	16	10	66	9	1	0	0	7	34	32	129	40	3	22	11	60	157	197	127	595	44	285	621	734	1136	1125	2189	1454	3559	4265	9778	12587	28203	68806	0
FFQ	24	0	0	0	0	0	0	0	1	27	15	79	14	0	0	0	13	43	34	91	53	0	13	13	61	169	192	121	547	44	274	667	738	933	1115	2116	1482	3606	3981	9853	12242	26994	70772	0
FFQ	25	0	0	0	0	0	0	0	0	18	15	36	8	0	1	2	8	45	24	67	45	1	13	9	58	176	194	113	541	35	311	647	713	984	1162	2055	1530	3670	4049	10255	11479	27420	70619	0
FFQ	26	0	0	0	0	0	0	0	0	25	32	63	12	0	0	0	13	44	33	100	49	0	24	8	66	235	197	120	537	42	254	684	756	978	1195	2177	1575	3572	4113	10451	12004	27734	69210	0
FFQ	27	0	0	0	0	0	0	1	4	49	26	42	9	0	1	0	16	73	21	81	41	1	21	17	64	267	255	152	451	50	294	942	764	815	1140	2177	1720	3808	4428	10887	12042	27994	67650	0
FFQ	28	0	0	0	0	0	0	0	0	15	38	29	4	0	2	0	14	53	21	57	58	0	30	6	58	238	220	106	454	46	295	817	764	783	1173	2070	1825	3648	4179	10949	11519	28547	68285	0
FFQ	29	0	0	0	0	0	0	1	2	43	46	64	2	1	1	1	14	80	39	65	56	1	22	18	79	229	204	155	457	72	270	855	712	765	1269	2021	1930	3488	4068	11149	11532	29240	67352	0
FFQ	30	0	0	0	0	0	0	1	3	46	65	51	1	0	1	0	16	88	47	65	48	1	33	20	92	232	230	137	405	65	279	881	754	750	1195	2013	2084	3411	4074	11238	10874	29205	67898	0
FFQ	31	0	0	0	0	0	0	0	0	36	41	22	0	0	0	0	30	69	25	52	55	0	34	8	88	219	235	142	411	49	281	925	793	707	1350	1966	2152	3361	4056	11116	10843	29170	68067	0
FFQ	32	0	0	0	0	0	0	2	0	45	81	27	0	3	0	6	28	86	19	53	45	2	43	26	96	210	230	147	376	64	271	924	810	646	1273	1903	2344	3228	4073	11124	10331	29463	68324	0
FFQ	33	0	0	0	0	0	0	1	2	29	42	12	0	2	2	4	37	68	20	59	50	1	42	23	89	275	286	140	381	70	287	920	780	688	1437	1762	2465	3115	3999	11218	10006	29684	68307	0
FFQ	34	0	0	0	0	0	0	2	5	32	54	3	0	3	5	4	39	53	9	57	45	3	42	20	80	266	239	156	361	74	283	990	777	624	1418	1837	2613	2955	4176	11292	9660	29590	68536	0
FFQ	35	0	0	0	0	0	0	8	8	61	78	3	0	2	3	13	58	100	4	61	47	6	59	28	93	255	303	184	312	89	283	1149	852	569	1453	1799	2831	2987	4344	11852	9839	29064	67506	0
FFQ	36	0	0	0	0	0	0	3	3	44	58	1	0	2	5	9	43	56	7	55	56	5	52	38	102	247	256	178	311	74	304	1016	809	633	1487	1729	2876	2798	4140	11621	9866	29220	68199	0
FFQ	37	0	0	0	0	0	0	1	2	33	53	1	0	7	7	6	45	64	9	48	55	7	59	28	92	264	224	186	296	112	314	1062	827	582	1645	1648	2908	2839	4202	11433	9298	29499	68447	0
FFQ	38	0	0	0	0	0	0	0	5	32	60	0	0	2	6	6	78	44	8	55	46	10	58	22	99	231	188	167	315	129	291	1040	835	616	1682	1572	3152	2614	4142	11387	9563	29465	68383	0
FFQ	39	0	0	0	0	0	0	2	8	38	49	0	1	2	5	10	46	34	11	46	55	9	55	28	112	239	191	202	311	192	279	1022	853	591	1680	1494	3135	2722	4257	11152	9395	29154	68923	0
FFQ	40	0	0	0	0	0	0	2	7	26	47	0	0	2	4	11	63	33	13	35	49	12	53	37	116	248	181	193	323	151	313	987	896	627	1812	1465	3125	2715	4358	10984	9422	28935	69058	0
FFQ	41	0	0	0	0	0	0	2	15	56	81	0	0	8	4	9	70	26	9	61	68	7	62	43	122	333	161	184	347	153	304	954	955	617	1838	1595	3297	2671	4409	11085	9330	28999	68428	0
FFQ	42	0	0	0	0	0	0	0	9	33	50	0	1	0	6	14	59	30	9	47	66	14	44	61	123	299	146	218	299	222	319	1012	888	678	1927	1497	3372	2734	4800	10963	9689	28459	68215	0
FFQ	43	0	0	0	0	0	0	2	7	20	45	0	0	5	11	8	59	11	8	40	70	12	51	50	117	316	130	237	300	203	346	879	956	692	1848	1462	3583	2903	4817	10995	9803	28483	67834	0
FFQ	44	0	0	0	0	0	0	1	12	36	52	0	2	1	12	19	62	20	12	63	57	15	64	65	155	299	94	257	338	248	355	880	955	789	1951	1644	3574	3104	4868	11049	10890	28236	66124	0
FFQ	45	0	0	0	0	0	0	6	14	29	45	0	0	8	9	21	35	10	17	65	65	18	69	67	162	262	125	267	333	269	337	965	1015	789	1986	1704	3672	3206	5000	11059	10872	28493	65309	0
FFQ	46	0	0	0	0	0	0	4	19	62	67	0	0	2	15	24	54	10	14	56	74	14	72	62	187	282	94	274	321	282	377	927	999	813	2019	1705	3858	3327	5386	10986	11328	28133	64456	0
FFQ	47	0	0	0	0	0	0	4	11	49	43	0	4	3	16	17	73	9	34	61	76	28	60	74	258	266	75	282	261	364	349	975	1062	827	2237	1821	3998	3430	5799	11208	12730	27647	62152	0
FFQ	48	0	0	0	0	0	0	7	25	32	37	0	2	3	18	26	44	12	19	64	55	29	64	67	181	280	64	334	312	426	347	875	1074	845	2041	1937	4109	3590	6061	10871	12945	27574	61933	0
FFQ	49	0	0	0	0	0	0	6	26	44	31	1	2	6	16	18	39	9	25	41	63	30	75	98	185	275	74	321	312	406	409	793	1073	862	2077	2011	4199	3664	6717	9684	13301	27489	61921	0
FFQ	50	0	0	0	0	0	0	9	22	34	35	0	2	5	19	28	51	9	29	46	61	32	74	77	241	302	84	372	290	493	390	834	1121	891	2092	2248	4524	3842	7371	9664	13536	26772	60703	0
FFQ	51	0	0	0	0	0	0	11	24	49	27	0	1	11	28	38	18	19	15	47	59	45	83	109	248	238	53	466	292	557	377	716	1195	985	2072	2563	4561	4223	7855	9658	13355	26880	59348	0
FFQ	52	0	0	0	0	0	0	11	34	40	17	0	2	7	33	35	12	17	23	62	69	47	80	103	256	226	44	448	298	611	407	685	1337	1006	2006	2592	4989	4423	8346	9221	13602	26158	58906	0
FFQ	53	0	0	0	0	0	0	12	28	51	26	0	3	11	42	30	16	16	18	56	69	58	85	139	235	176	48	458	261	662	430	612	1259	1038	1904	2872	5586	4756	8316	9094	14030	25436	58252	0
FFQ	54	0	0	0	0	0	0	5	40	62	14	0	0	10	24	23	16	17	25	58	50	52	74	121	248	188	40	486	241	704	418	617	1317	1145	1914	3148	6560	4919	7999	9034	14598	24624	57234	0
FFQ	55	0	0	0	0	0	0	7	32	44	18	0	3	12	40	37	11	15	28	57	61	66	85	122	274	85	109	564	231	705	448	564	1424	1206	1904	3293	6632	5786	8484	9208	15091	23877	55418	0
FFQ	56	0	0	0	0	0	1	11	33	47	10	0	2	6	37	33	8	20	21	59	53	69	72	153	201	92	99	577	238	781	451	585	1537	1343	1839	3547	7651	5893	8788	8897	15499	23383	53825	0
FFQ	57	0	0	0	0	0	0	16	43	82	9	2	7	12	44	24	12	19	22	56	61	73	91	180	201	91	128	525	256	817	527	541	1596	1461	1982	3732	8365	6433	8928	8742	16036	22566	52105	0
FFQ	58	0	0	0	0	0	0	20	40	74	6	2	7	10	67	33	7	13	15	76	45	80	68	198	237	98	127	547	243	786	536	594	1607	1371	1999	3933	9107	6908	9706	8497	17224	21303	50114	0
FFQ	59	0	0	0	0	0	0	10	30	35	6	0	6	10	40	18	7	17	27	59	55	77	88	166	206	81	117	597	213	786	617	620	1622	1481	2114	3895	10003	7538	10083	8025	17787	20454	48749	0
FFQ	60	0	0	0	0	0	0	10	23	62	3	0	3	5	33	23	9	8	29	68	46	87	67	221	166	69	127	671	217	781	593	645	1691	1497	2050	4161	11144	8190	10487	7818	18448	19299	46795	0
FFQ	61	0	0	0	0	0	0	67	122	215	8	1	9	33	135	49	2	22	37	97	63	109	99	267	200	72	166	697	263	834	651	727	1733	1625	2209	4501	12428	8584	10927	7616	19665	18188	42985	0
FFQ	62	0	0	0	0	0	0	24	49	73	3	1	14	33	90	30	5	16	28	94	51	127	103	278	206	83	151	690	223	877	683	867	1653	1830	2292	4790	13699	9386	11859	7030	24520	15747	37717	0
FFQ	63	0	0	0	0	0	1	22	40	84	1	1	13	23	67	34	9	11	29	84	48	122	67	246	157	102	137	752	232	816	781	953	1709	1868	2486	4998	15105	10258	13634	6328	27278	14002	32745	0
FFQ	64	0	0	0	0	0	0	20	23	43	0	1	6	9	42	31	3	15	17	91	50	116	69	232	160	86	172	739	258	729	738	1005	1689	1888	2547	5246	16554	11036	15298	6085	28556	12352	29231	0
FFQ	65	0	0	0	0	0	0	22	45	65	0	2	11	10	41	30	5	15	22	79	60	114	77	212	163	104	229	760	242	733	761	955	1603	1937	2785	5642	18329	11675	16413	5603	32344	10149	23778	0
FFQ	66	0	0	0	0	0	1	11	58	72	0	3	13	7	53	18	3	10	24	111	61	93	88	234	139	130	154	774	221	699	952	1132	1670	1994	2892	6056	20142	12601	19097	4953	30825	8749	20885	0
FFQ	67	0	0	0	0	0	0	13	43	44	0	0	15	6	48	25	2	13	21	103	37	108	95	267	148	126	173	873	242	677	1048	1181	1719	2082	3071	6749	23946	13524	18808	4692	28953	7603	18389	0
FFQ	68	0	0	0	0	0	0	16	32	33	0	2	8	15	49	31	6	11	20	108	37	124	108	243	154	149	201	842	241	597	1133	1280	1998	1928	3920	6823	26936	14315	25909	3618	21552	6462	15778	0
FFQ	69	0	0	0	0	0	0	11	46	41	0	1	11	6	36	21	1	8	41	83	31	112	109	180	183	133	216	979	279	699	1095	1471	1964	2037	4341	7292	29551	15500	26818	3072	20435	5166	12615	0
FFQ	70	0	0	0	0	0	0	5	41	30	0	0	9	5	33	32	6	7	24	119	34	129	94	179	161	137	214	974	269	591	1153	1357	2134	2173	4378	7872	32123	16166	27384	2673	19307	4240	10446	0
FFQ	71	0	0	0	0	0	2	11	51	23	0	0	10	6	33	21	2	19	34	108	35	124	112	146	199	139	200	917	281	558	1138	1501	2046	2214	5001	7972	34650	17131	27894	2256	17865	3389	8329	0
FFQ	72	0	0	0	0	0	3	7	67	38	0	3	14	5	34	21	4	15	29	119	23	157	104	129	154	203	229	950	316	588	1270	1610	2057	2513	5107	9476	42986	17327	22461	1884	15362	2659	6410	0
FFQ	73	0	0	0	0	0	0	13	50	25	0	2	14	11	37	20	9	12	27	114	22	145	106	137	158	187	260	926	275	531	1292	1461	2275	2596	4637	10566	46935	18294	20743	1552	13621	2024	5169	0
FFQ	74	0	0	0	0	0	1	8	46	23	0	1	5	9	35	24	6	12	33	101	30	182	121	115	199	147	286	965	280	487	1396	1485	2340	2675	5036	11160	50629	19142	18434	1258	12004	1590	3879	0
FFQ	75	0	0	0	0	0	1	5	44	18	0	5	14	10	19	16	9	10	30	132	24	180	99	85	186	172	321	890	334	512	1440	1621	2352	2533	5676	11039	51357	21813	18029	1001	9899	1256	2914	0
FFQ	76	0	0	0	0	0	3	8	89	32	0	2	16	8	31	21	9	6	33	127	39	173	98	75	211	241	324	920	354	487	1508	1522	2322	2511	6046	11548	56724	18660	17476	870	8371	920	2151	0
FFQ	77	0	0	0	0	0	4	8	50	21	0	9	18	25	18	17	19	15	35	126	48	239	99	97	130	212	316	843	474	440	1571	1609	2412	2715	6086	12048	59808	19031	15687	583	6718	665	1646	0
FFQ	78	0	0	0	0	0	4	2	49	11	0	9	22	12	17	7	19	9	38	123	35	193	77	71	178	218	322	851	402	324	1647	1550	2422	2809	5726	13204	61390	20934	13224	466	5751	481	1147	0
FFQ	79	0	0	0	0	0	1	5	45	4	0	7	18	3	13	12	8	6	45	146	41	202	69	57	206	196	376	815	460	440	1439	1702	2430	2833	6410	13112	66117	19081	11226	374	4558	334	830	0
FFQ	80	0	0	0	0	0	4	4	59	10	0	6	11	9	11	4	12	15	29	100	28	213	47	49	175	197	423	743	424	331	1544	1426	2473	2923	5894	14011	69556	18220	9854	321	3569	229	587	0
FFQ	81	0	0	0	0	0	4	10	69	7	0	11	20	10	13	7	15	13	34	125	40	214	60	35	167	235	495	611	501	311	1558	1458	2475	2929	5832	14315	71550	18224	8489	193	2832	149	373	0
FFQ	82	0	0	0	0	0	2	2	49	6	0	9	16	16	14	10	11	11	35	136	42	207	57	35	168	255	458	619	546	253	1568	1490	2487	2880	5914	14506	72635	18503	7746	178	2090	96	241	0
FFQ	83	0	0	0	0	0	3	12	115	10	0	16	19	15	14	7	16	19	38	141	52	225	58	29	232	288	484	565	593	244	1541	1661	2549	2963	6998	13882	75673	16412	6372	108	1600	55	166	0
FFQ	84	0	0	0	0	0	0	5	68	3	0	11	17	15	13	7	23	16	42	103	60	238	57	29	219	265	535	590	520	245	1558	1510	2529	2885	6212	14895	78528	15075	5431	90	1158	44	78	0
FFQ	85	0	0	0	0	0	4	3	85	2	0	12	17	7	10	7	24	10	44	126	56	282	34	28	207	285	544	544	609	255	1581	1530	2556	2945	6095	15558	80844	13180	4492	56	876	16	33	0
FFQ	86	0	0	0	0	0	2	3	76	4	0	14	16	9	4	6	13	13	44	98	79	263	37	16	220	276	579	501	569	214	1659	1522	2521	2963	6657	14686	80357	15181	3609	34	566	9	25	0
FFQ	87	0	0	0	0	0	6	5	90	3	0	16	29	14	4	8	16	13	50	119	71	227	26	30	223	288	578	393	594	209	1664	1466	2355	2966	6472	15443	83888	12076	2958	24	384	2	18	0
FFQ	88	0	0	0	0	0	3	3	52	3	0	9	13	12	7	13	25	19	48	115	80	233	18	22	299	285	545	381	660	197	1509	1674	2576	2812	6951	14786	85342	11169	2473	14	262	2	10	0
FFQ	89	0	0	0	0	0	7	4	58	2	0	12	12	16	1	9	26	16	46	132	71	244	31	15	319	288	656	383	766	250	1637	1584	2674	2825	7395	14515	86185	10160	1992	11	158	1	4	0
FFQ	90	0	0	0	0	0	4	2	48	4	0	11	15	17	1	2	23	10	41	116	75	246	21	19	242	418	569	300	877	165	1646	1600	2538	2797	7914	14450	86597	9793	1737	6	96	0	3	0
FFQ	91	0	0	0	0	0	2	5	51	1	0	21	13	23	0	5	29	17	52	139	113	282	10	17	265	413	563	259	828	145	1614	1607	2553	2870	8087	14384	87291	9142	1429	0	50	1	1	0
FFQ	92	0	0	0	0	0	5	2	62	2	0	7	9	25	0	7	39	11	40	136	89	269	14	24	232	447	698	253	884	128	1672	1460	2650	2692	7867	14462	87850	8962	1131	1	26	0	1	0
FFQ	93	0	0	0	0	0	6	4	51	1	0	8	5	24	1	2	55	20	42	131	92	324	6	22	268	495	623	217	986	96	1817	1485	2793	2801	8438	14234	87377	8535	1058	0	18	0	0	0
FFQ	94	0	0	0	0	0	4	0	61	1	0	15	10	19	0	2	31	13	46	117	105	286	3	21	252	518	631	182	1009	81	1625	1626	2618	2735	8251	14090	87668	9039	835	0	11	0	0	0
FFQ	95	0	0	0	0	0	5	0	55	1	0	11	9	1	23	4	40	22	62	134	117	231	5	19	298	394	671	166	1014	96	1770	1546	2678	2695	8472	13875	88787	7849	690	0	7	0	0	0
FFQ	96	0	0	0	0	0	4	1	49	2	0	14	4	2	14	1	35	17	46	117	141	230	4	25	289	423	613	140	947	62	1557	1587	2498	2728	8812	13416	88746	8545	551	0	3	0	0	0
FFQ	97	0	0	0	0	0	2	0	29	2	0	14	7	1	11	2	47	13	44	130	119	195	2	15	244	404	636	121	856	57	1645	1427	2641	2835	7816	14478	89082	7965	596	0	0	0	0	0
FFQ	98	0	0	0	0	0	3	1	19	1	0	2	5	0	6	1	30	12	45	98	125	206	6	18	221	406	645	82	844	42	1598	1388	2567	2639	7549	14623	89787	7826	497	0	1	0	0	0
FFQ	99	0	0	0	0	0	0	0	1	0	0	0	0	0	1	0	47	11	35	112	110	184	3	18	226	420	617	90	859	37	1724	1416	2560	2544	7520	14371	86661	11136	393	0	0	0	0	0
FFQ	100	0	0	0	0	0	0	0	0	0	0	0	0	0	0	0	0	0	0	0	0	213	4	20	219	418	670	64	966	31	1599	1346	2540	2617	7828	14466	89576	7658	335	0	0	0	0	0
# Last Fragment Qualities. Use `grep ^LFQ | cut -f 2-` to extract this part.
# Columns correspond to qualities and rows to cycles. First column is the cycle number.
LFQ	1	0	0	0	0	0	0	0	0	0	0	233	0	0	0	0	0	926	0	0	28	0	0	65	466	0	1515	1285	1560	2923	25	9334	55242	0	15595	47106	0	0	0	0	0	0	0	0
LFQ	2	0	0	0	0	0	0	0	0	0	0	474	0	0	0	0	0	660	0	0	2	1	0	184	588	0	1040	1474	2296	2316	28	8167	52534	0	9375	57164	0	0	0	0	0	0	0	0
LFQ	3	0	0	0	0	0	0	0	0	0	0	637	0	0	0	0	0	692	0	0	1	0	0	215	557	0	988	1469	2331	2247	23	7675	47524	0	10019	61925	0	0	0	0	0	0	0	0
LFQ	4	0	0	0	0	0	0	0	1	0	0	566	0	0	0	0	0	406	11	0	278	0	0	223	1	0	448	671	99	1391	7	1694	73	3395	4711	0	35735	0	86593	0	0	0	0	0
LFQ	5	0	0	0	0	0	0	0	0	0	0	424	0	0	0	0	0	309	12	0	283	0	0	174	0	0	433	641	111	1347	4	1684	41	3312	4943	0	35379	0	87206	0	0	0	0	0
LFQ	6	0	0	0	0	0	0	0	0	32	0	96	21	0	0	0	45	48	177	49	54	1	30	21	151	0	319	326	129	711	228	1221	706	2977	3245	0	31580	3136	91000	0	0	0	0	0
LFQ	7	0	0	0	0	0	0	0	0	37	0	102	32	0	0	1	42	62	129	55	65	0	37	25	166	1	315	361	162	543	252	1249	682	2585	2730	1	29015	2830	94824	0	0	0	0	0
LFQ	8	0	0	0	0	0	0	0	0	28	0	56	24	0	0	0	37	39	101	38	63	0	16	17	122	0	290	318	188	330	215	1028	460	2300	2483	1	27688	2584	97877	0	0	0	0	0
LFQ	9	0	0	0	0	0	0	0	0	22	0	77	25	0	0	0	18	33	78	28	58	0	18	22	138	0	292	136	490	239	298	1172	204	1883	1928	1281	7134	12	14779	9181	96757	0	0	0
LFQ	10	0	0	0	0	0	0	0	0	11	0	80	30	0	0	0	5	34	99	47	75	0	9	20	134	0	282	158	563	222	299	1201	112	1892	2111	1287	7158	6	14783	8946	96739	0	0	0
LFQ	11	0	0	0	0	0	0	0	0	15	0	113	36	0	0	0	6	20	130	58	76	0	7	17	113	1	288	145	615	167	316	1194	100	1880	1965	1335	6992	12	15050	8555	97097	0	0	0
LFQ	12	0	0	0	0	0	0	0	0	6	0	71	53	0	0	0	10	25	109	49	83	0	19	17	128	1	306	141	653	60	307	1176	106	1810	1985	1190	7125	11	14274	8733	97855	0	0	0
LFQ	13	0	0	0	0	0	0	0	0	12	0	76	47	0	1	0	17	19	92	47	90	0	8	20	120	3	280	124	700	35	322	1203	176	1840	2140	1290	7125	11	14623	9579	96303	0	0	0
LFQ	14	0	0	0	0	0	0	0	0	13	0	64	43	0	0	0	0	27	104	50	98	0	10	16	27	95	302	144	727	43	289	568	844	1341	2003	1486	1194	4561	3888	12059	10033	29258	67016	0
LFQ	15	0	0	0	0	0	0	0	0	12	0	88	39	0	0	0	1	35	109	49	96	0	9	23	33	112	305	109	755	65	308	519	793	1266	2025	1491	1152	4625	3969	11787	9709	28615	68204	0
LFQ	16	0	0	0	0	0	0	0	0	12	0	71	43	0	1	0	0	29	123	56	98	0	16	15	30	102	308	114	735	56	315	537	843	1326	2095	1444	1160	4557	3975	11901	9397	28426	68518	0
LFQ	17	0	0	0	0	0	0	0	0	14	0	80	44	0	0	0	0	27	109	59	73	0	8	19	19	98	265	85	655	44	285	495	786	1293	1917	1419	1142	4461	3894	11562	9858	28013	69579	0
LFQ	18	0	0	0	0	0	0	0	0	12	1	78	40	0	0	0	3	40	91	51	98	0	13	19	26	115	297	106	709	57	287	510	837	1250	2145	1350	1210	4501	3839	11828	9522	28667	68601	0
LFQ	19	0	0	0	0	0	0	0	0	12	4	77	35	0	0	0	4	30	7	164	79	0	11	19	27	107	296	108	707	36	326	539	777	1332	1250	2348	1180	3900	3864	9003	12911	29911	67239	0
LFQ	20	0	0	0	0	0	0	0	0	10	1	53	36	0	0	0	2	27	23	137	91	0	10	20	39	110	281	89	702	42	249	586	761	1363	1274	2232	1144	3744	4009	8617	14145	29451	67055	0
LFQ	21	0	0	0	0	0	0	0	0	13	4	63	45	0	1	0	4	28	22	129	92	0	14	21	49	112	305	98	804	63	355	517	850	1268	1239	2397	1204	3912	4126	8863	13714	29145	66846	0
LFQ	22	0	0	0	0	0	0	0	0	13	9	63	50	0	0	0	4	35	15	153	103	1	14	21	46	177	288	92	799	49	351	631	811	1383	1279	2446	1208	3825	4524	8976	15316	28773	64848	0
LFQ	23	0	0	0	0	0	0	1	1	16	7	72	22	0	1	0	5	44	48	127	92	2	21	19	44	185	264	86	780	48	319	642	812	1300	1317	2460	1308	3901	4226	8869	15442	29239	64583	0
LFQ	24	0	0	0	0	0	0	0	0	22	4	72	29	0	0	0	7	36	35	105	112	1	8	14	42	224	246	74	681	66	360	634	768	1237	1327	2352	1302	3851	4133	9452	11955	28801	68353	0
LFQ	25	0	0	0	0	0	0	0	0	12	8	80	17	0	0	0	4	42	33	91	103	1	17	17	51	236	207	92	694	53	373	655	870	1158	1249	2277	1370	3771	3757	9532	11522	27956	70055	0
LFQ	26	0	0	0	0	0	0	0	1	16	14	106	25	0	0	0	14	31	41	94	109	1	8	19	36	289	187	88	707	55	361	655	885	1191	1334	2267	1385	3890	3732	9614	11048	27866	70234	0
LFQ	27	0	0	0	0	0	0	1	2	25	32	117	35	0	1	0	14	55	58	86	117	2	17	9	61	323	216	83	728	49	369	671	856	1072	1341	2184	1459	3741	3660	9794	10454	27740	70931	0
LFQ	28	0	0	0	0	0	0	0	1	28	38	84	8	0	1	1	19	77	59	91	114	0	14	29	61	289	260	107	682	70	388	876	833	1124	1356	2276	1470	3948	3948	10024	10270	28457	69300	0
LFQ	29	0	0	0	0	0	0	0	1	23	33	99	6	2	0	1	13	63	55	60	99	1	13	21	70	298	195	123	621	53	296	961	844	1025	1340	2212	1534	3809	3877	10043	10456	28290	69766	0
LFQ	30	0	0	0	0	0	0	0	1	29	37	57	2	0	2	2	18	62	41	44	97	1	24	20	76	295	210	147	517	72	307	965	843	891	1414	2165	1642	3720	3847	10490	9666	28637	69962	0
LFQ	31	0	0	0	0	0	0	0	0	26	46	38	1	0	2	1	22	85	39	45	75	0	33	38	89	300	227	143	443	81	307	993	789	825	1364	1967	1765	3750	3772	10339	9211	28398	71089	0
LFQ	32	0	0	0	0	0	0	0	0	51	69	26	0	2	1	3	32	88	24	45	73	1	43	19	84	328	271	142	465	79	303	953	790	866	1371	1904	1893	3641	3707	10527	8800	28327	71375	0
LFQ	33	0	0	0	0	0	0	0	2	63	93	38	0	2	2	0	61	106	31	38	81	3	69	36	134	262	333	122	485	95	348	1017	892	930	1611	1785	2159	3503	3687	10919	8020	29043	70333	0
LFQ	34	0	0	0	0	0	0	1	4	52	63	13	1	0	1	2	72	91	16	38	79	2	88	26	106	267	420	122	481	81	310	1141	957	824	1575	1666	2396	3340	3841	11400	8246	29017	69564	0
LFQ	35	0	0	0	0	0	0	0	3	59	60	8	1	0	4	3	90	56	10	40	61	4	112	21	136	298	405	117	462	71	284	1242	1087	829	1667	1567	2648	3159	4003	11858	8742	29139	68057	0
LFQ	36	0	0	0	0	0	0	0	17	33	67	2	0	1	8	2	86	58	11	33	94	5	117	29	91	292	368	126	435	94	319	1303	1072	823	1632	1554	2705	3144	4191	11883	8499	29534	67675	0
LFQ	37	0	0	0	0	0	0	5	12	29	57	1	0	0	7	6	69	77	9	46	84	2	77	44	109	297	268	155	436	116	331	1234	973	788	1735	1586	2857	2931	4111	11511	8547	29036	68757	0
LFQ	38	0	0	0	0	0	0	1	8	24	55	0	0	0	5	4	44	67	15	54	67	5	60	36	118	320	249	166	403	163	331	1159	935	760	1764	1689	2734	2862	3909	11693	8131	28596	69876	0
LFQ	39	0	0	0	0	0	0	4	10	30	63	0	0	6	3	11	39	31	13	56	86	5	56	41	110	328	224	163	415	199	345	1120	926	754	1896	1753	2713	2851	4060	11030	8227	28934	69801	0
LFQ	40	0	0	0	0	0	0	2	8	34	60	0	0	4	3	9	52	44	3	55	90	6	55	34	158	300	212	167	420	222	392	1055	917	728	1931	1756	2714	2981	4113	11170	8278	28915	69415	0
LFQ	41	0	0	0	0	0	0	4	11	41	69	0	0	4	7	15	49	27	2	71	85	5	63	45	153	308	195	148	498	243	412	1016	952	752	2042	1904	2789	3039	4139	11614	8073	30505	67023	0
LFQ	42	0	0	0	0	0	0	3	16	36	72	0	0	5	11	17	64	38	14	55	94	9	57	40	168	353	197	247	469	287	409	1004	1071	814	2149	1794	2956	2961	4345	12048	8422	30908	65170	0
LFQ	43	0	0	0	0	0	0	4	8	42	49	0	0	4	13	15	44	22	13	77	59	11	66	54	205	311	162	221	413	327	412	910	1028	804	2154	1861	2899	2874	4476	11837	8791	30557	65580	0
LFQ	44	0	0	0	0	0	0	4	19	38	77	0	0	7	15	8	55	31	24	54	71	11	75	52	177	314	146	297	359	398	383	921	1090	804	1972	1800	2994	2848	4565	11658	8548	30200	66288	0
LFQ	45	0	0	0	0	0	0	2	37	37	53	0	1	1	65	20	59	24	29	44	75	25	104	63	321	314	204	290	325	659	393	968	1269	896	2294	2172	2918	2805	5424	12061	9284	30273	62794	0
LFQ	46	0	0	0	0	0	0	7	60	77	91	0	1	11	91	19	75	22	34	60	69	19	172	86	325	313	201	343	401	787	388	874	1662	1012	2203	2353	3179	2857	6140	12455	10444	30478	58994	0
LFQ	47	0	0	0	0	0	0	4	55	45	62	0	0	8	95	29	82	25	36	62	91	38	185	114	419	310	152	395	360	1018	365	854	1887	1007	2071	2524	3119	3067	6554	12783	11616	30217	56654	0
LFQ	48	0	0	0	0	0	0	11	51	59	50	0	1	10	92	30	89	30	20	49	83	44	166	111	455	274	116	461	308	923	364	994	1859	1051	2319	2584	3352	3269	6557	12940	13310	30397	53874	0
LFQ	49	0	0	0	0	0	0	30	22	68	47	0	1	34	24	34	57	28	25	62	119	97	94	150	256	243	147	610	353	606	348	906	1566	1329	2478	2169	3456	4425	4711	11667	14014	31103	55024	0
LFQ	50	0	0	0	0	0	0	36	27	43	48	0	1	37	19	74	48	37	13	43	141	138	104	132	251	279	140	584	447	554	437	787	1572	1447	2543	2012	3356	4559	4864	11454	14171	30573	55332	0
LFQ	51	0	0	0	0	0	0	38	22	30	55	0	1	51	23	49	37	17	20	46	144	164	96	155	282	268	331	421	443	854	408	888	1181	1725	2500	2131	3272	5827	5514	9965	20777	26014	52454	0
LFQ	52	0	0	0	0	0	0	27	26	34	41	1	3	50	29	54	26	15	22	53	121	110	92	158	221	268	225	435	383	915	449	1026	1132	1688	2057	2441	3450	6075	5708	9409	22453	25039	51850	0
LFQ	53	0	0	0	0	0	0	10	56	57	34	0	1	10	56	40	31	15	37	81	71	56	210	166	182	240	64	395	337	943	503	1198	1240	1746	1901	3052	3454	6303	6874	9325	24122	23659	49520	0
LFQ	54	0	0	0	0	0	0	10	41	59	25	0	1	7	42	32	18	28	24	76	71	57	133	217	185	255	66	564	324	818	536	1089	1301	1409	2375	2607	4350	6050	12705	9242	20183	23428	47571	0
LFQ	55	0	0	0	0	0	0	19	46	86	36	0	4	17	42	27	25	34	23	73	76	61	99	215	225	127	132	634	301	723	626	874	1484	1354	2361	2846	4562	6033	14790	9183	19121	22313	47231	0
LFQ	56	0	0	0	0	0	0	8	21	58	20	0	4	13	45	32	20	14	24	81	65	49	90	208	259	165	155	698	343	749	675	819	1626	1274	2485	3221	5529	6264	19829	8699	14324	21530	46294	0
LFQ	57	0	0	0	0	0	1	32	31	105	21	0	12	15	63	39	18	11	25	105	86	90	51	268	214	250	131	840	344	735	707	972	1823	1218	2961	3558	6554	6710	19340	8361	13586	21213	45078	0
LFQ	58	0	0	0	0	0	0	15	17	81	14	0	7	11	70	28	12	13	15	119	63	54	73	305	221	168	122	936	269	703	715	1029	2000	1358	2675	4079	7110	7515	19013	8041	13798	20348	44468	0
LFQ	59	0	0	0	0	0	0	16	38	77	9	1	8	9	76	28	6	9	15	86	79	73	127	314	213	169	120	932	342	756	763	1042	1878	1668	2819	5031	9478	8705	16771	7837	13159	19871	42822	0
LFQ	60	0	0	0	0	0	0	20	35	79	14	0	17	8	79	29	7	11	16	113	66	61	190	213	233	206	124	906	330	776	1184	673	2024	2451	2526	6860	10836	13714	9668	7629	13776	18948	41388	0
LFQ	61	0	0	0	0	0	0	16	29	71	3	0	14	12	48	37	15	10	16	139	77	68	123	203	239	246	124	753	399	872	1122	738	1908	2569	2591	6474	14414	12852	9341	7549	14126	18598	39310	0
LFQ	62	0	0	0	0	0	0	19	21	61	3	0	19	11	46	35	4	18	15	121	70	78	89	218	234	239	138	725	379	1019	1029	832	1997	2606	2925	6476	17579	11744	9046	7438	15220	18037	36508	0
LFQ	63	0	0	0	0	0	1	10	34	57	4	0	7	11	37	25	3	24	17	107	66	121	69	202	206	168	127	966	249	1003	874	1358	2146	2259	4233	5458	20608	10446	9277	7056	15645	17050	34952	0
LFQ	64	0	0	0	0	0	1	13	55	83	1	1	13	13	52	26	5	46	16	97	58	148	94	224	158	93	117	932	207	1093	854	1426	2186	2092	4324	5650	21969	10632	10102	6912	17297	15180	32596	0
LFQ	65	0	0	0	0	0	0	6	43	53	0	1	10	22	35	19	3	47	21	114	59	229	67	243	180	73	147	1033	193	1017	976	1442	2277	2053	3796	6904	24775	8675	10927	6474	18389	14183	30181	0
LFQ	66	0	0	0	0	0	0	10	40	48	0	0	8	14	49	23	4	39	14	119	44	202	80	205	146	81	184	1024	193	860	1125	1088	2215	2294	3007	8017	25904	9993	11928	6012	18844	13003	27739	0
LFQ	67	0	0	0	0	0	0	7	38	46	0	0	8	7	38	27	3	25	16	99	49	183	74	196	160	116	166	1021	202	721	1236	1111	2194	2315	3531	7492	28467	9834	12589	5619	19301	11593	25962	0
LFQ	68	0	0	0	0	0	0	7	39	45	0	3	12	14	18	29	2	10	39	120	42	154	110	148	161	166	195	1007	206	816	1168	1327	2135	2339	4434	7051	29888	9816	13429	5079	19457	10700	24195	0
LFQ	69	0	0	0	0	0	0	16	53	66	0	0	14	10	38	29	3	24	56	95	45	203	101	214	207	242	252	973	425	919	996	1597	2090	2538	6080	6419	30925	10730	14619	4896	18487	9858	21028	0
LFQ	70	0	0	0	0	0	1	10	51	56	0	1	19	7	73	32	1	17	64	84	58	188	105	264	225	357	216	1004	595	889	861	2030	2323	2786	7310	6026	32568	11476	15153	4191	21848	7283	15968	0
LFQ	71	0	0	0	0	0	0	18	75	71	0	1	11	8	54	17	3	16	69	96	43	181	84	293	122	341	147	920	648	837	935	2259	2277	2886	7252	6791	34482	12639	15556	3632	21358	6391	13519	0
LFQ	72	0	0	0	0	0	2	10	53	62	0	2	24	13	51	18	3	8	30	109	38	160	71	222	142	321	225	825	503	717	1163	1864	2112	2852	5833	7720	36712	13717	16934	3331	21005	5488	11563	0
LFQ	73	0	0	0	0	0	3	6	33	37	0	5	17	8	43	24	4	13	36	119	32	170	100	208	124	252	248	793	406	595	1239	1645	2052	2760	5107	8974	39166	14370	17252	2978	20504	4648	9816	0
LFQ	74	0	0	0	0	0	1	4	50	36	0	1	11	5	29	8	2	5	23	107	35	167	86	187	117	197	331	836	303	539	1353	1463	2093	2624	4241	10510	41387	14750	18265	2830	18892	3878	8311	0
LFQ	75	0	0	0	0	0	0	18	65	47	0	3	14	8	26	20	5	13	29	136	24	148	80	172	166	186	367	889	301	527	1349	1395	2233	2521	4071	11339	43846	14972	19543	2363	16692	3150	6837	0
LFQ	76	0	0	0	0	0	2	8	42	37	0	6	14	7	37	15	8	9	32	131	31	197	98	138	134	272	313	845	439	459	1438	1548	2246	2497	4428	11611	45911	16041	21092	1818	13601	2484	5450	0
LFQ	77	0	0	0	0	0	3	10	80	40	0	1	20	13	45	14	9	9	35	121	20	195	91	133	139	260	364	881	495	445	1439	1603	2301	2578	5212	11618	48052	16496	21171	1556	11624	1980	4264	0
LFQ	78	0	0	0	0	0	2	7	35	20	0	6	7	8	38	13	15	18	36	103	29	199	97	147	168	198	348	851	395	432	1493	1559	2356	2804	5479	11726	50232	17181	20704	1277	10473	1549	3193	0
LFQ	79	0	0	0	0	0	4	9	89	34	0	10	17	12	40	18	17	22	41	133	44	191	78	152	206	228	342	831	480	387	1495	1611	2538	2761	6038	11641	52189	17776	19880	1053	9115	1147	2441	0
LFQ	80	0	0	0	0	0	3	7	52	18	0	6	8	15	27	12	12	21	41	120	58	179	88	107	190	190	425	824	426	394	1539	1440	2522	2834	5379	12919	54071	18274	19396	814	7900	869	1778	0
LFQ	81	0	0	0	0	0	4	6	58	15	0	11	10	8	16	13	11	12	21	134	66	165	84	70	168	191	504	756	391	369	1668	1307	2498	2840	4791	14012	56041	18955	18405	715	6626	586	1333	0
LFQ	82	0	0	0	0	0	5	12	108	43	0	17	22	16	33	11	23	9	25	157	65	165	91	68	135	217	468	726	427	326	1686	1328	2533	2884	4602	14346	57108	21956	15623	582	5483	454	952	0
LFQ	83	0	0	0	0	0	1	2	47	11	0	7	15	18	31	7	12	19	25	116	78	216	84	67	127	226	519	677	361	298	1722	1209	2488	3038	4595	15058	60027	23959	11754	410	4412	303	679	0
LFQ	84	0	0	0	0	0	1	2	62	11	0	8	8	9	10	7	20	7	29	130	58	223	57	57	153	202	523	689	424	290	1748	1217	2562	3084	4668	15208	60587	25813	10230	292	3425	216	465	0
LFQ	85	0	0	0	0	0	1	3	56	8	0	9	8	16	10	7	13	11	33	130	53	277	62	48	146	229	509	711	436	261	1794	1268	2730	3244	5368	15910	62722	23975	9001	250	2602	146	342	0
LFQ	86	0	0	0	0	0	0	2	89	10	0	15	16	16	15	6	24	6	24	132	68	241	44	46	172	252	489	646	387	227	1810	1274	2485	3121	5121	16936	67499	20965	7648	162	2013	89	212	0
LFQ	87	0	0	0	0	0	1	6	49	2	0	8	18	11	8	6	19	5	53	142	74	220	57	40	192	264	529	593	517	244	1737	1478	2503	3216	6237	15703	69730	20205	6485	128	1507	58	138	0
LFQ	88	0	0	0	0	0	1	2	53	3	0	9	8	13	2	3	19	10	39	135	56	198	56	30	199	291	474	583	536	236	1727	1473	2434	3272	5898	16291	72394	19028	5337	80	1118	22	66	0
LFQ	89	0	0	0	0	0	4	2	47	1	0	5	13	8	5	4	12	29	42	93	59	200	43	37	272	280	401	547	611	223	1669	1637	2419	3119	7107	14843	77909	14899	4528	65	791	22	39	0
LFQ	90	0	0	0	0	0	2	2	44	2	0	7	11	9	3	6	15	15	40	110	99	185	42	26	261	216	578	527	582	280	1663	1474	2528	3158	6790	15269	78237	15274	3803	55	562	7	7	0
LFQ	91	0	0	0	0	0	3	2	50	2	0	19	3	12	3	9	11	9	33	91	93	203	29	25	231	237	649	494	555	239	1750	1407	2545	3198	6340	15513	79032	15464	3068	37	417	0	3	0
LFQ	92	0	0	0	0	0	1	0	47	3	0	14	7	10	0	4	18	8	24	110	114	195	28	21	188	229	646	422	526	189	1798	1381	2691	3090	6169	15551	78050	17211	2598	27	276	0	1	0
LFQ	93	0	0	0	0	0	4	4	56	4	0	17	8	15	7	4	14	8	42	104	104	187	28	13	191	225	718	411	502	234	1807	1110	2778	3115	5766	15856	77627	18238	2144	8	178	0	0	0
LFQ	94	0	0	0	0	0	4	1	48	1	0	9	13	11	0	6	23	10	26	113	111	200	12	21	153	247	678	324	515	167	1785	1192	2509	3139	5475	16392	77975	18254	1889	2	93	0	0	0
LFQ	95	0	0	0	0	0	8	3	84	4	0	21	16	6	11	6	24	10	34	120	91	186	10	12	172	264	718	301	499	154	1841	1223	2530	3026	5771	16710	82629	13303	1413	3	37	0	0	0
LFQ	96	0	0	0	0	0	4	1	27	1	0	10	10	7	7	5	25	10	40	132	117	187	5	18	158	240	782	288	519	138	1745	1109	2511	3061	5537	17419	85161	10588	1207	0	15	0	0	0
LFQ	97	0	0	0	0	0	5	1	93	3	0	27	13	3	9	2	31	16	44	119	116	178	12	12	210	267	705	248	659	133	1691	1394	2515	3054	6361	16516	85377	10095	953	1	2	0	0	0
LFQ	98	0	0	0	0	0	1	0	34	1	0	15	9	2	6	1	25	22	44	137	125	205	10	10	206	296	770	204	773	105	1820	1313	2547	3106	6419	16984	85409	9218	818	0	0	0	0	0
LFQ	99	0	0	0	0	0	0	0	0	0	0	0	0	0	1	0	31	17	46	87	85	193	8	14	237	361	615	187	908	103	1505	1737	2410	2942	8160	14365	85168	10634	665	0	0	0	0	0
LFQ	100	0	0	0	0	0	0	0	0	0	0	0	0	0	0	0	0	0	0	0	0	194	10	10	290	344	629	205	925	205	1558	1669	2536	2731	8229	15018	84671	10190	542	0	0	0	0	0
# GC Content of first fragments. Use `grep ^GCF | cut -f 2-` to extract this part.
GCF	7.79	0
GCF	16.08	3
GCF	16.83	1
GCF	17.34	0
GCF	17.84	7
GCF	18.34	8
GCF	19.10	34
GCF	20.10	31
GCF	20.85	25
GCF	21.36	27
GCF	22.11	42
GCF	23.12	43
GCF	23.87	98
GCF	24.37	101
GCF	24.87	148
GCF	25.38	150
GCF	26.13	184
GCF	26.88	271
GCF	27.39	273
GCF	27.89	524
GCF	28.39	533
GCF	28.89	653
GCF	29.40	656
GCF	29.90	869
GCF	30.40	874
GCF	30.90	1166
GCF	31.41	1161
GCF	31.91	1659
GCF	32.41	1672
GCF	32.91	2200
GCF	33.42	2220
GCF	33.92	2747
GCF	34.42	2761
GCF	34.92	3640
GCF	35.43	3661
GCF	35.93	4258
GCF	36.43	4279
GCF	36.93	4974
GCF	37.44	4984
GCF	37.94	6241
GCF	38.44	6249
GCF	38.94	7399
GCF	39.45	7425
GCF	39.95	7855
GCF	40.45	7865
GCF	40.95	7867
GCF	41.46	7901
GCF	41.96	9236
GCF	42.46	9234
GCF	42.96	9368
GCF	43.47	9350
GCF	43.97	8375
GCF	44.47	8377
GCF	44.97	7236
GCF	45.48	7251
GCF	45.98	7709
GCF	46.48	7737
GCF	46.98	7020
GCF	47.49	7048
GCF	47.99	8078
GCF	48.49	8130
GCF	48.99	8140
GCF	49.50	8067
GCF	50.00	4495
GCF	50.50	4480
GCF	51.01	9892
GCF	51.51	9878
GCF	52.01	2444
GCF	52.51	2372
GCF	53.02	1438
GCF	53.52	1389
GCF	54.02	668
GCF	54.52	620
GCF	55.03	313
GCF	55.53	276
GCF	56.03	177
GCF	56.53	169
GCF	57.04	209
GCF	57.54	199
GCF	58.29	162
GCF	59.05	125
GCF	59.55	119
GCF	60.05	49
GCF	60.55	48
GCF	61.06	18
GCF	61.56	14
GCF	62.06	11
GCF	62.56	10
GCF	63.57	5
GCF	64.57	4
GCF	65.08	5
GCF	65.58	3
GCF	66.08	1
GCF	66.58	0
GCF	67.84	1
# GC Content of last fragments. Use `grep ^GCL | cut -f 2-` to extract this part.
GCL	6.53	0
GCL	13.32	1
GCL	14.07	2
GCL	14.82	3
GCL	15.33	2
GCL	16.08	0
GCL	17.09	2
GCL	17.84	8
GCL	18.34	9
GCL	18.84	28
GCL	19.35	30
GCL	20.10	51
GCL	21.11	62
GCL	21.86	79
GCL	22.36	86
GCL	23.12	121
GCL	23.87	144
GCL	24.37	147
GCL	24.87	200
GCL	25.38	197
GCL	25.88	312
GCL	26.38	317
GCL	26.88	374
GCL	27.39	377
GCL	27.89	543
GCL	28.39	555
GCL	28.89	758
GCL	29.40	757
GCL	29.90	1144
GCL	30.40	1167
GCL	30.90	1488
GCL	31.41	1494
GCL	31.91	2098
GCL	32.41	2111
GCL	32.91	2691
GCL	33.42	2689
GCL	33.92	3275
GCL	34.42	3295
GCL	34.92	4135
GCL	35.43	4158
GCL	35.93	4667
GCL	36.43	4695
GCL	36.93	5391
GCL	37.44	5399
GCL	37.94	6249
GCL	38.44	6291
GCL	38.94	7607
GCL	39.45	7625
GCL	39.95	10120
GCL	40.45	10147
GCL	40.95	11674
GCL	41.46	11671
GCL	41.96	9387
GCL	42.46	9395
GCL	42.96	7514
GCL	43.47	7492
GCL	43.97	6311
GCL	44.47	6316
GCL	44.97	6417
GCL	45.48	6415
GCL	45.98	5916
GCL	46.48	5895
GCL	46.98	8317
GCL	47.49	8371
GCL	47.99	11702
GCL	48.49	11684
GCL	48.99	9015
GCL	49.50	9004
GCL	50.00	4374
GCL	50.50	4335
GCL	51.01	1959
GCL	51.51	1949
GCL	52.01	1417
GCL	52.51	1388
GCL	53.02	1043
GCL	53.52	1001
GCL	54.02	648
GCL	54.52	610
GCL	55.03	402
GCL	55.53	372
GCL	56.03	243
GCL	56.53	217
GCL	57.04	150
GCL	57.54	142
GCL	58.04	191
GCL	58.54	188
GCL	59.05	135
GCL	59.55	130
GCL	60.05	61
GCL	60.55	50
GCL	61.06	24
GCL	61.56	26
GCL	62.06	13
GCL	62.56	11
GCL	63.07	6
GCL	63.82	1
GCL	64.57	2
GCL	65.08	1
GCL	66.08	2
GCL	67.09	1
GCL	69.60	0
GCL	72.36	1
# ACGT content per cycle. Use `grep ^GCC | cut -f 2-` to extract this part. The columns are: cycle; A,C,G,T base counts as a percentage of all A/C/G/T bases [%]; and N and O counts as a percentage of all A/C/G/T bases [%]
GCC	1	25.29	24.44	24.32	25.95	0.00	0.00
GCC	2	22.42	27.84	25.99	23.75	0.00	0.00
GCC	3	22.23	29.55	24.34	23.88	0.00	0.00
GCC	4	22.05	29.51	25.29	23.14	0.00	0.00
GCC	5	20.92	28.37	25.58	25.13	0.00	0.00
GCC	6	22.61	22.72	29.17	25.50	0.00	0.00
GCC	7	25.57	16.37	22.84	35.21	0.00	0.00
GCC	8	29.76	16.95	20.43	32.85	0.00	0.00
GCC	9	26.89	19.89	19.71	33.51	0.00	0.00
GCC	10	27.25	21.53	19.68	31.54	0.00	0.00
GCC	11	26.95	19.51	22.33	31.20	0.00	0.00
GCC	12	27.47	17.18	22.39	32.96	0.00	0.00
GCC	13	26.21	18.59	21.25	33.95	0.00	0.00
GCC	14	23.77	22.64	20.98	32.60	0.00	0.00
GCC	15	29.07	21.43	21.30	28.20	0.00	0.00
GCC	16	27.32	23.40	20.16	29.12	0.00	0.00
GCC	17	26.60	19.93	22.54	30.94	0.00	0.00
GCC	18	28.73	15.91	22.28	33.08	0.00	0.00
GCC	19	31.50	16.70	22.48	29.32	0.00	0.00
GCC	20	33.53	17.02	20.77	28.68	0.00	0.00
GCC	21	35.59	17.72	18.17	28.52	0.00	0.00
GCC	22	27.79	19.96	19.16	33.08	0.00	0.00
GCC	23	29.21	17.05	19.09	34.64	0.00	0.00
GCC	24	28.46	21.67	18.44	31.44	0.00	0.00
GCC	25	27.88	22.81	18.31	31.00	0.00	0.00
GCC	26	28.85	19.54	19.61	32.00	0.00	0.00
GCC	27	35.04	18.68	18.39	27.89	0.00	0.00
GCC	28	29.96	21.37	17.53	31.14	0.00	0.00
GCC	29	25.91	26.83	19.66	27.60	0.00	0.00
GCC	30	25.84	23.36	20.39	30.41	0.00	0.00
GCC	31	24.99	23.22	23.62	28.16	0.00	0.00
GCC	32	28.58	24.49	22.75	24.18	0.00	0.00
GCC	33	30.69	21.82	20.65	26.85	0.00	0.00
GCC	34	32.00	18.92	21.58	27.51	0.00	0.00
GCC	35	28.71	20.87	20.98	29.44	0.00	0.00
GCC	36	32.00	17.10	21.55	29.35	0.00	0.00
GCC	37	27.76	20.07	19.06	33.10	0.00	0.00
GCC	38	26.27	21.16	19.78	32.80	0.00	0.00
GCC	39	30.96	20.82	20.66	27.56	0.00	0.00
GCC	40	32.05	19.23	22.82	25.90	0.00	0.00
GCC	41	32.55	20.77	19.71	26.96	0.00	0.00
GCC	42	31.76	20.65	21.89	25.69	0.00	0.00
GCC	43	28.50	20.73	24.75	26.01	0.00	0.00
GCC	44	29.81	21.08	23.54	25.57	0.00	0.00
GCC	45	27.59	22.70	22.35	27.37	0.00	0.00
GCC	46	26.79	18.39	23.84	30.98	0.00	0.00
GCC	47	27.30	21.41	23.95	27.34	0.00	0.00
GCC	48	28.94	17.11	25.03	28.93	0.00	0.00
GCC	49	26.09	22.74	23.97	27.20	0.00	0.00
GCC	50	26.68	20.33	23.61	29.38	0.00	0.00
GCC	51	26.88	20.67	24.22	28.23	0.00	0.00
GCC	52	25.26	23.60	21.82	29.32	0.00	0.00
GCC	53	25.28	29.58	18.27	26.88	0.00	0.00
GCC	54	26.06	24.72	20.43	28.78	0.00	0.00
GCC	55	26.70	19.42	25.98	27.90	0.00	0.00
GCC	56	26.39	20.41	22.70	30.50	0.00	0.00
GCC	57	28.92	17.57	23.45	30.07	0.00	0.00
GCC	58	29.84	21.13	23.29	25.74	0.00	0.00
GCC	59	24.30	20.80	25.37	29.54	0.00	0.00
GCC	60	28.02	20.44	22.65	28.89	0.00	0.00
GCC	61	29.15	23.88	20.44	26.53	0.00	0.00
GCC	62	29.67	17.50	22.50	30.33	0.00	0.00
GCC	63	29.26	18.08	22.59	30.08	0.00	0.00
GCC	64	30.47	19.91	22.68	26.95	0.00	0.00
GCC	65	25.43	20.82	23.47	30.29	0.00	0.00
GCC	66	26.49	24.25	17.42	31.83	0.00	0.00
GCC	67	24.89	22.21	22.71	30.19	0.00	0.00
GCC	68	29.17	23.22	19.99	27.62	0.00	0.00
GCC	69	30.56	21.53	19.50	28.41	0.00	0.00
GCC	70	31.16	22.15	20.29	26.41	0.00	0.00
GCC	71	30.90	22.12	21.11	25.88	0.00	0.00
GCC	72	28.82	19.54	22.84	28.80	0.00	0.00
GCC	73	29.55	21.05	20.04	29.37	0.00	0.00
GCC	74	29.32	24.69	18.67	27.32	0.00	0.00
GCC	75	29.38	21.63	20.01	28.98	0.00	0.00
GCC	76	32.04	22.24	19.42	26.30	0.00	0.00
GCC	77	34.44	23.16	18.49	23.91	0.00	0.00
GCC	78	33.43	19.20	18.73	28.63	0.00	0.00
GCC	79	32.56	16.71	22.72	28.01	0.00	0.00
GCC	80	31.26	18.00	21.67	29.07	0.00	0.00
GCC	81	31.37	18.18	20.31	30.14	0.00	0.00
GCC	82	30.46	20.32	21.60	27.62	0.00	0.00
GCC	83	32.34	18.47	19.30	29.90	0.00	0.00
GCC	84	33.71	17.85	19.55	28.89	0.00	0.00
GCC	85	35.53	17.71	20.08	26.68	0.00	0.00
GCC	86	30.92	19.65	22.64	26.79	0.00	0.00
GCC	87	29.76	18.27	24.42	27.55	0.00	0.00
GCC	88	27.85	21.35	23.87	26.94	0.00	0.00
GCC	89	26.28	21.71	21.34	30.67	0.00	0.00
GCC	90	26.75	19.03	20.21	34.00	0.00	0.00
GCC	91	26.17	18.70	24.50	30.64	0.00	0.00
GCC	92	27.13	20.69	20.29	31.90	0.00	0.00
GCC	93	29.17	19.36	18.18	33.29	0.00	0.00
GCC	94	28.17	22.21	19.39	30.23	0.00	0.00
GCC	95	27.27	22.50	24.02	26.22	0.00	0.00
GCC	96	26.63	21.98	19.81	31.58	0.00	0.00
GCC	97	27.42	21.92	22.07	28.59	0.00	0.00
GCC	98	28.26	20.74	22.06	28.93	0.00	0.00
GCC	99	26.75	20.68	22.26	30.31	0.00	0.00
GCC	100	26.95	23.74	22.31	27.00	0.00	0.00
# ACGT content per cycle, read oriented. Use `grep ^GCT | cut -f 2-` to extract this part. The columns are: cycle; A,C,G,T base counts as a percentage of all A/C/G/T bases [%]
GCT	1	23.07	21.42	27.35	28.17
GCT	2	18.92	29.08	24.74	27.25
GCT	3	18.01	25.88	28.01	28.10
GCT	4	18.79	27.16	27.64	26.41
GCT	5	20.42	29.60	24.34	25.64
GCT	6	21.62	27.54	24.35	26.49
GCT	7	27.68	17.68	21.54	33.10
GCT	8	21.95	15.94	21.45	40.66
GCT	9	26.13	13.46	26.14	34.28
GCT	10	24.87	14.87	26.34	33.92
GCT	11	24.07	19.92	21.92	34.09
GCT	12	25.96	17.11	22.45	34.48
GCT	13	28.24	17.98	21.86	31.92
GCT	14	26.46	20.93	22.69	29.92
GCT	15	24.78	22.63	20.10	32.49
GCT	16	25.59	20.87	22.69	30.85
GCT	17	24.59	23.38	19.08	32.94
GCT	18	29.73	18.44	19.75	32.09
GCT	19	27.21	18.01	21.17	33.61
GCT	20	26.60	19.26	18.52	35.61
GCT	21	29.05	16.10	19.78	35.06
GCT	22	29.18	17.00	22.13	31.70
GCT	23	29.58	19.75	16.40	34.28
GCT	24	27.57	15.93	24.17	32.32
GCT	25	26.11	16.94	24.18	32.77
GCT	26	29.71	18.30	20.85	31.14
GCT	27	28.30	17.65	19.42	34.63
GCT	28	28.81	20.29	18.61	32.30
GCT	29	26.41	26.65	19.84	27.10
GCT	30	28.80	24.70	19.05	27.45
GCT	31	26.63	27.56	19.29	26.53
GCT	32	23.34	22.01	25.23	29.41
GCT	33	28.49	19.50	22.96	29.05
GCT	34	28.78	18.52	21.98	30.72
GCT	35	31.34	22.01	19.84	26.81
GCT	36	30.83	21.12	17.53	30.52
GCT	37	30.58	19.62	19.52	30.29
GCT	38	29.69	20.31	20.62	29.37
GCT	39	29.05	24.24	17.24	29.47
GCT	40	29.55	21.12	20.93	28.40
GCT	41	32.52	19.46	21.03	26.99
GCT	42	29.57	20.58	21.97	27.88
GCT	43	26.05	23.28	22.20	28.47
GCT	44	27.14	22.85	21.77	28.24
GCT	45	27.28	17.49	27.56	27.68
GCT	46	30.11	16.29	25.94	27.65
GCT	47	25.03	19.87	25.49	29.62
GCT	48	27.35	18.09	24.05	30.51
GCT	49	25.57	18.10	28.61	27.72
GCT	50	27.88	21.35	22.59	28.17
GCT	51	25.33	24.28	20.61	29.78
GCT	52	27.38	25.02	20.41	27.19
GCT	53	26.54	24.50	23.35	25.61
GCT	54	28.25	23.45	21.70	26.59
GCT	55	28.62	24.63	20.77	25.98
GCT	56	28.88	19.82	23.29	28.01
GCT	57	25.06	18.27	22.75	33.93
GCT	58	24.61	20.76	23.65	30.98
GCT	59	26.18	26.03	20.13	27.66
GCT	60	25.50	24.12	18.97	31.41
GCT	61	27.60	18.46	25.86	28.08
GCT	62	29.07	20.06	19.94	30.93
GCT	63	32.33	21.39	19.27	27.01
GCT	64	28.21	19.41	23.17	29.20
GCT	65	27.45	24.81	19.48	28.26
GCT	66	27.81	20.40	21.28	30.52
GCT	67	26.76	20.73	24.19	28.32
GCT	68	26.88	21.61	21.61	29.91
GCT	69	33.88	17.43	23.60	25.09
GCT	70	31.70	17.58	24.86	25.87
GCT	71	29.55	24.82	18.40	27.22
GCT	72	30.93	25.19	17.20	26.69
GCT	73	28.03	22.39	18.69	30.89
GCT	74	28.35	22.40	20.96	28.28
GCT	75	32.53	22.21	19.43	25.83
GCT	76	31.41	22.65	19.01	26.93
GCT	77	31.16	20.64	21.01	27.19
GCT	78	33.27	18.79	19.14	28.79
GCT	79	30.21	20.46	18.97	30.36
GCT	80	30.18	21.61	18.06	30.15
GCT	81	29.43	17.93	20.56	32.08
GCT	82	30.49	20.80	21.12	27.60
GCT	83	32.55	20.32	17.44	29.69
GCT	84	32.92	17.85	19.55	29.68
GCT	85	32.37	16.96	20.83	29.84
GCT	86	27.57	20.71	21.58	30.15
GCT	87	28.44	21.26	21.43	28.87
GCT	88	28.08	23.87	21.34	26.71
GCT	89	30.72	22.44	20.61	26.23
GCT	90	33.01	17.68	21.56	27.74
GCT	91	27.78	21.78	21.42	29.03
GCT	92	29.13	18.55	22.43	29.89
GCT	93	31.07	18.43	19.10	31.39
GCT	94	31.64	22.03	19.57	26.76
GCT	95	31.48	28.87	17.65	22.01
GCT	96	34.75	21.66	20.13	23.46
GCT	97	32.78	21.22	22.76	23.23
GCT	98	32.30	20.93	21.88	24.89
GCT	99	31.97	20.87	22.08	25.09
GCT	100	30.06	21.19	24.86	23.88
# ACGT content per cycle for first fragments. Use `grep ^FBC | cut -f 2-` to extract this part. The columns are: cycle; A,C,G,T base counts as a percentage of all A/C/G/T bases [%]; and N and O counts as a percentage of all A/C/G/T bases [%]
FBC	1	28.41	24.09	22.19	25.31	0.00	0.00
FBC	2	24.19	28.27	23.05	24.49	0.00	0.00
FBC	3	25.81	27.66	23.20	23.33	0.00	0.00
FBC	4	23.60	27.49	23.78	25.13	0.00	0.00
FBC	5	22.66	25.88	24.14	27.32	0.00	0.00
FBC	6	24.34	23.51	29.06	23.09	0.00	0.00
FBC	7	23.89	22.44	26.51	27.15	0.00	0.00
FBC	8	28.12	21.90	25.29	24.69	0.00	0.00
FBC	9	26.34	28.76	19.98	24.92	0.00	0.00
FBC	10	27.98	24.23	23.22	24.56	0.00	0.00
FBC	11	26.14	23.07	25.82	24.98	0.00	0.00
FBC	12	31.02	21.83	21.17	25.98	0.00	0.00
FBC	13	29.46	21.33	23.46	25.76	0.00	0.00
FBC	14	26.01	22.18	23.27	28.53	0.00	0.00
FBC	15	34.01	18.96	21.69	25.33	0.00	0.00
FBC	16	26.95	23.58	23.30	26.18	0.00	0.00
FBC	17	30.36	19.91	21.61	28.12	0.00	0.00
FBC	18	30.98	17.81	25.26	25.95	0.00	0.00
FBC	19	32.08	18.69	19.96	29.27	0.00	0.00
FBC	20	33.36	18.09	21.86	26.69	0.00	0.00
FBC	21	33.84	20.20	17.39	28.58	0.00	0.00
FBC	22	29.69	23.41	20.20	26.69	0.00	0.00
FBC	23	32.13	17.93	22.65	27.29	0.00	0.00
FBC	24	30.01	22.89	18.75	28.34	0.00	0.00
FBC	25	30.13	25.45	17.94	26.48	0.00	0.00
FBC	26	32.12	21.74	18.50	27.63	0.00	0.00
FBC	27	34.72	19.76	16.94	28.58	0.00	0.00
FBC	28	28.12	21.69	20.58	29.61	0.00	0.00
FBC	29	28.34	23.81	18.20	29.64	0.00	0.00
FBC	30	28.58	20.04	20.91	30.46	0.00	0.00
FBC	31	26.79	19.64	21.32	32.26	0.00	0.00
FBC	32	30.72	23.81	18.17	27.30	0.00	0.00
FBC	33	27.92	23.80	19.79	28.49	0.00	0.00
FBC	34	29.97	20.22	21.89	27.92	0.00	0.00
FBC	35	27.39	21.15	22.04	29.42	0.00	0.00
FBC	36	31.37	18.16	21.97	28.49	0.00	0.00
FBC	37	28.96	20.59	20.55	29.90	0.00	0.00
FBC	38	26.76	17.78	20.51	34.96	0.00	0.00
FBC	39	31.21	19.41	21.53	27.85	0.00	0.00
FBC	40	28.23	18.98	25.72	27.07	0.00	0.00
FBC	41	28.57	19.00	19.65	32.78	0.00	0.00
FBC	42	31.84	18.07	22.01	28.08	0.00	0.00
FBC	43	28.86	20.99	22.91	27.25	0.00	0.00
FBC	44	30.67	21.94	19.91	27.49	0.00	0.00
FBC	45	28.29	22.67	20.68	28.37	0.00	0.00
FBC	46	27.61	21.48	19.85	31.06	0.00	0.00
FBC	47	29.67	21.26	21.70	27.36	0.00	0.00
FBC	48	27.65	19.99	21.77	30.58	0.00	0.00
FBC	49	27.63	23.27	20.23	28.87	0.00	0.00
FBC	50	30.72	20.81	19.93	28.55	0.00	0.00
FBC	51	30.54	21.02	21.16	27.28	0.00	0.00
FBC	52	26.64	20.70	25.17	27.49	0.00	0.00
FBC	53	27.20	23.19	19.47	30.13	0.00	0.00
FBC	54	26.33	21.16	21.75	30.77	0.00	0.00
FBC	55	25.67	20.12	24.58	29.64	0.00	0.00
FBC	56	27.97	22.43	20.37	29.24	0.00	0.00
FBC	57	27.93	20.62	22.85	28.60	0.00	0.00
FBC	58	29.53	22.51	21.66	26.30	0.00	0.00
FBC	59	27.32	19.66	22.14	30.88	0.00	0.00
FBC	60	27.95	18.84	25.24	27.97	0.00	0.00
FBC	61	28.16	24.41	19.94	27.50	0.00	0.00
FBC	62	29.48	18.23	20.87	31.42	0.00	0.00
FBC	63	28.73	19.08	23.23	28.96	0.00	0.00
FBC	64	29.64	21.94	22.35	26.08	0.00	0.00
FBC	65	29.70	19.40	22.33	28.57	0.00	0.00
FBC	66	29.66	21.15	19.83	29.35	0.00	0.00
FBC	67	26.61	24.59	19.91	28.89	0.00	0.00
FBC	68	29.37	23.76	20.46	26.41	0.00	0.00
FBC	69	29.54	23.20	18.25	29.01	0.00	0.00
FBC	70	28.83	20.81	20.49	29.88	0.00	0.00
FBC	71	26.52	22.31	25.66	25.50	0.00	0.00
FBC	72	26.81	19.56	24.12	29.51	0.00	0.00
FBC	73	27.17	20.53	23.00	29.30	0.00	0.00
FBC	74	29.79	20.39	20.19	29.63	0.00	0.00
FBC	75	27.33	21.09	22.66	28.92	0.00	0.00
FBC	76	27.56	20.31	23.99	28.14	0.00	0.00
FBC	77	34.42	18.90	20.69	25.98	0.00	0.00
FBC	78	26.85	21.71	20.85	30.59	0.00	0.00
FBC	79	26.96	18.90	26.19	27.96	0.00	0.00
FBC	80	30.42	19.07	19.38	31.12	0.00	0.00
FBC	81	30.84	20.45	20.08	28.62	0.00	0.00
FBC	82	27.62	23.05	19.72	29.61	0.00	0.00
FBC	83	26.95	18.02	21.63	33.40	0.00	0.00
FBC	84	28.02	18.85	21.95	31.18	0.00	0.00
FBC	85	30.46	19.48	19.48	30.59	0.00	0.00
FBC	86	29.44	19.50	20.03	31.03	0.00	0.00
FBC	87	26.05	19.64	22.93	31.37	0.00	0.00
FBC	88	26.90	22.49	22.52	28.09	0.00	0.00
FBC	89	26.40	20.96	22.73	29.91	0.00	0.00
FBC	90	25.39	22.88	20.03	31.69	0.00	0.00
FBC	91	25.80	22.02	22.73	29.45	0.00	0.00
FBC	92	24.90	23.80	18.73	32.57	0.00	0.00
FBC	93	27.43	20.58	19.14	32.85	0.00	0.00
FBC	94	28.19	19.66	23.26	28.89	0.00	0.00
FBC	95	25.53	19.09	24.28	31.10	0.00	0.00
FBC	96	26.71	20.32	21.22	31.75	0.00	0.00
FBC	97	26.52	18.06	21.81	33.61	0.00	0.00
FBC	98	29.83	19.99	21.10	29.09	0.00	0.00
FBC	99	26.73	21.22	19.16	32.89	0.00	0.00
FBC	100	25.78	23.29	24.37	26.56	0.00	0.00
# ACGT raw counters for first fragments. Use `grep ^FTC | cut -f 2-` to extract this part. The columns are: A,C,G,T,N base counters
FTC	3837877	2881560	2928297	3860998	0
# ACGT content per cycle for last fragments. Use `grep ^LBC | cut -f 2-` to extract this part. The columns are: cycle; A,C,G,T base counts as a percentage of all A/C/G/T bases [%]; and N and O counts as a percentage of all A/C/G/T bases [%]
LBC	1	22.16	24.79	26.45	26.60	0.00	0.00
LBC	2	20.66	27.41	28.92	23.02	0.00	0.00
LBC	3	18.66	31.44	25.48	24.42	0.00	0.00
LBC	4	20.50	31.54	26.80	21.16	0.00	0.00
LBC	5	19.19	30.86	27.01	22.94	0.00	0.00
LBC	6	20.89	21.93	29.28	27.90	0.00	0.00
LBC	7	27.25	10.30	19.17	43.27	0.00	0.00
LBC	8	31.41	12.00	15.58	41.01	0.00	0.00
LBC	9	27.44	11.02	19.43	42.11	0.00	0.00
LBC	10	26.51	18.83	16.14	38.51	0.00	0.00
LBC	11	27.76	15.96	18.84	37.43	0.00	0.00
LBC	12	23.93	12.52	23.60	39.95	0.00	0.00
LBC	13	22.96	15.85	19.05	42.14	0.00	0.00
LBC	14	21.53	23.10	18.70	36.68	0.00	0.00
LBC	15	24.12	23.89	20.92	31.07	0.00	0.00
LBC	16	27.69	23.21	17.03	32.06	0.00	0.00
LBC	17	22.84	19.94	23.47	33.75	0.00	0.00
LBC	18	26.48	14.00	19.31	40.22	0.00	0.00
LBC	19	30.92	14.70	25.01	29.37	0.00	0.00
LBC	20	33.71	15.95	19.68	30.66	0.00	0.00
LBC	21	37.35	15.24	18.94	28.47	0.00	0.00
LBC	22	25.89	16.51	18.12	39.47	0.00	0.00
LBC	23	26.29	16.17	15.54	42.00	0.00	0.00
LBC	24	26.90	20.44	18.12	34.54	0.00	0.00
LBC	25	25.63	20.16	18.68	35.53	0.00	0.00
LBC	26	25.57	17.34	20.72	36.37	0.00	0.00
LBC	27	35.36	17.60	19.83	27.20	0.00	0.00
LBC	28	31.81	21.04	14.47	32.67	0.00	0.00
LBC	29	23.48	29.85	21.12	25.55	0.00	0.00
LBC	30	23.10	26.68	19.87	30.35	0.00	0.00
LBC	31	23.19	26.81	25.93	24.07	0.00	0.00
LBC	32	26.43	25.18	27.33	21.06	0.00	0.00
LBC	33	33.45	19.84	21.50	25.20	0.00	0.00
LBC	34	34.02	17.62	21.27	27.09	0.00	0.00
LBC	35	30.03	20.59	19.93	29.45	0.00	0.00
LBC	36	32.62	16.04	21.12	30.22	0.00	0.00
LBC	37	26.57	19.54	17.58	36.30	0.00	0.00
LBC	38	25.77	24.54	19.04	30.65	0.00	0.00
LBC	39	30.70	22.23	19.79	27.27	0.00	0.00
LBC	40	35.86	19.48	19.92	24.74	0.00	0.00
LBC	41	36.53	22.55	19.78	21.14	0.00	0.00
LBC	42	31.68	23.24	21.78	23.31	0.00	0.00
LBC	43	28.15	20.47	26.60	24.78	0.00	0.00
LBC	44	28.95	20.23	27.17	23.65	0.00	0.00
LBC	45	26.89	22.72	24.02	26.37	0.00	0.00
LBC	46	25.97	15.30	27.83	30.90	0.00	0.00
LBC	47	24.93	21.55	26.20	27.32	0.00	0.00
LBC	48	30.22	14.22	28.28	27.28	0.00	0.00
LBC	49	24.56	22.20	27.72	25.52	0.00	0.00
LBC	50	22.63	19.86	27.29	30.22	0.00	0.00
LBC	51	23.22	20.32	27.28	29.18	0.00	0.00
LBC	52	23.88	26.51	18.47	31.14	0.00	0.00
LBC	53	23.35	35.97	17.07	23.62	0.00	0.00
LBC	54	25.79	28.30	19.12	26.79	0.00	0.00
LBC	55	27.74	18.72	27.39	26.15	0.00	0.00
LBC	56	24.82	18.39	25.04	31.76	0.00	0.00
LBC	57	29.91	14.51	24.04	31.55	0.00	0.00
LBC	58	30.16	19.74	24.92	25.19	0.00	0.00
LBC	59	21.27	21.94	28.59	28.20	0.00	0.00
LBC	60	28.09	22.04	20.05	29.81	0.00	0.00
LBC	61	30.14	23.35	20.95	25.55	0.00	0.00
LBC	62	29.86	16.76	24.13	29.24	0.00	0.00
LBC	63	29.79	17.07	21.94	31.20	0.00	0.00
LBC	64	31.30	17.87	23.01	27.82	0.00	0.00
LBC	65	21.14	22.25	24.61	32.01	0.00	0.00
LBC	66	23.32	27.36	15.01	34.31	0.00	0.00
LBC	67	23.17	19.83	25.51	31.49	0.00	0.00
LBC	68	28.96	22.68	19.53	28.83	0.00	0.00
LBC	69	31.59	19.86	20.75	27.80	0.00	0.00
LBC	70	33.50	23.49	20.08	22.92	0.00	0.00
LBC	71	35.28	21.92	16.55	26.25	0.00	0.00
LBC	72	30.84	19.53	21.55	28.08	0.00	0.00
LBC	73	31.92	21.57	17.07	29.44	0.00	0.00
LBC	74	28.85	29.01	17.14	24.99	0.00	0.00
LBC	75	31.43	22.17	17.35	29.04	0.00	0.00
LBC	76	36.54	24.18	14.83	24.45	0.00	0.00
LBC	77	34.45	27.42	16.29	21.84	0.00	0.00
LBC	78	40.03	16.68	16.61	26.68	0.00	0.00
LBC	79	38.19	14.51	19.24	28.07	0.00	0.00
LBC	80	32.10	16.92	23.97	27.01	0.00	0.00
LBC	81	31.91	15.91	20.53	31.65	0.00	0.00
LBC	82	33.32	17.58	23.48	25.62	0.00	0.00
LBC	83	37.75	18.91	16.96	26.39	0.00	0.00
LBC	84	39.43	16.83	17.14	26.60	0.00	0.00
LBC	85	40.62	15.93	20.69	22.75	0.00	0.00
LBC	86	32.41	19.80	25.25	22.54	0.00	0.00
LBC	87	33.49	16.90	25.90	23.71	0.00	0.00
LBC	88	28.80	20.20	25.22	25.79	0.00	0.00
LBC	89	26.17	22.47	19.93	31.43	0.00	0.00
LBC	90	28.11	15.17	20.40	36.32	0.00	0.00
LBC	91	26.54	15.36	26.27	31.83	0.00	0.00
LBC	92	29.36	17.56	21.87	31.22	0.00	0.00
LBC	93	30.92	18.14	17.21	33.74	0.00	0.00
LBC	94	28.16	24.77	15.51	31.57	0.00	0.00
LBC	95	29.01	25.92	23.75	21.32	0.00	0.00
LBC	96	26.55	23.64	18.40	31.41	0.00	0.00
LBC	97	28.33	25.79	22.33	23.54	0.00	0.00
LBC	98	26.69	21.50	23.03	28.78	0.00	0.00
LBC	99	26.76	20.14	25.39	27.71	0.00	0.00
LBC	100	28.11	24.19	20.24	27.45	0.00	0.00
# ACGT raw counters for last fragments. Use `grep ^LTC | cut -f 2-` to extract this part. The columns are: A,C,G,T,N base counters
LTC	3841336	2781307	2904686	3960272	0
# Insert sizes. Use `grep ^IS | cut -f 2-` to extract this part. The columns are: insert size, pairs total, inward oriented pairs, outward oriented pairs, other pairs
IS	0	0	0	0	0
IS	1	0	0	0	0
IS	2	1	0	0	1
IS	3	1	0	0	1
IS	4	0	0	0	0
IS	5	0	0	0	0
IS	6	2	0	2	0
IS	7	0	0	0	0
IS	8	0	0	0	0
IS	9	1	0	1	0
IS	10	0	0	0	0
IS	11	0	0	0	0
IS	12	1	0	1	0
IS	13	1	0	1	0
IS	14	2	0	2	0
IS	15	0	0	0	0
IS	16	0	0	0	0
IS	17	3	0	2	1
IS	18	1	0	1	0
IS	19	5	3	2	0
IS	20	15	4	11	0
IS	21	10	2	8	0
IS	22	16	3	13	0
IS	23	19	3	16	0
IS	24	26	5	21	0
IS	25	31	8	23	0
IS	26	28	10	18	0
IS	27	57	18	39	0
IS	28	42	12	30	0
IS	29	75	32	43	0
IS	30	55	17	38	0
IS	31	60	22	38	0
IS	32	74	19	55	0
IS	33	49	12	37	0
IS	34	63	18	45	0
IS	35	61	18	43	0
IS	36	80	26	53	1
IS	37	65	21	44	0
IS	38	74	27	47	0
IS	39	57	12	45	0
IS	40	86	18	68	0
IS	41	70	23	45	2
IS	42	87	24	63	0
IS	43	136	48	88	0
IS	44	124	37	87	0
IS	45	95	25	70	0
IS	46	90	30	60	0
IS	47	95	34	60	1
IS	48	93	32	61	0
IS	49	108	33	75	0
IS	50	102	21	81	0
IS	51	98	32	66	0
IS	52	106	29	77	0
IS	53	110	26	84	0
IS	54	95	29	66	0
IS	55	98	30	68	0
IS	56	78	28	50	0
IS	57	138	31	107	0
IS	58	116	48	68	0
IS	59	155	30	125	0
IS	60	330	85	245	0
IS	61	298	108	190	0
IS	62	292	162	130	0
IS	63	216	80	136	0
IS	64	107	37	70	0
IS	65	120	45	75	0
IS	66	100	40	60	0
IS	67	78	24	54	0
IS	68	127	37	90	0
IS	69	62	24	38	0
IS	70	74	33	41	0
IS	71	63	28	35	0
IS	72	61	28	33	0
IS	73	54	22	32	0
IS	74	52	18	34	0
IS	75	51	22	29	0
IS	76	49	22	27	0
IS	77	33	20	13	0
IS	78	35	15	20	0
IS	79	47	23	24	0
IS	80	42	20	22	0
IS	81	22	15	7	0
IS	82	21	16	5	0
IS	83	26	20	6	0
IS	84	22	16	6	0
IS	85	26	17	9	0
IS	86	31	14	17	0
IS	87	47	27	20	0
IS	88	114	37	77	0
IS	89	135	45	90	0
IS	90	182	52	130	0
IS	91	340	104	236	0
IS	92	322	94	228	0
IS	93	1571	521	1050	0
IS	94	2119	618	1501	0
IS	95	2680	627	2053	0
IS	96	2342	906	1436	0
IS	97	2079	652	1427	0
IS	98	1958	574	1384	0
IS	99	1956	513	1443	0
IS	100	2052	702	1350	0
IS	101	2039	2029	10	0
IS	102	2298	2298	0	0
IS	103	2148	2148	0	0
IS	104	2017	2017	0	0
IS	105	1595	1595	0	0
IS	106	1512	1512	0	0
IS	107	1489	1489	0	0
IS	108	1758	1758	0	0
IS	109	1560	1559	0	1
IS	110	1402	1402	0	0
IS	111	1279	1279	0	0
IS	112	1243	1243	0	0
IS	113	1222	1222	0	0
IS	114	1283	1283	0	0
IS	115	1353	1353	0	0
IS	116	1425	1425	0	0
IS	117	1551	1551	0	0
IS	118	2161	2161	0	0
IS	119	1918	1918	0	0
IS	120	2403	2403	0	0
IS	121	1903	1903	0	0
IS	122	1488	1488	0	0
IS	123	1387	1387	0	0
IS	124	1362	1362	0	0
IS	125	1395	1395	0	0
IS	126	1936	1936	0	0
IS	127	1341	1341	0	0
IS	128	1969	1969	0	0
IS	129	1289	1289	0	0
IS	130	1156	1156	0	0
IS	131	1527	1527	0	0
IS	132	1165	1165	0	0
IS	133	1019	1019	0	0
IS	134	1175	1175	0	0
IS	135	978	978	0	0
IS	136	805	805	0	0
IS	137	937	937	0	0
IS	138	854	854	0	0
IS	139	871	871	0	0
IS	140	881	881	0	0
IS	141	891	891	0	0
IS	142	1147	1147	0	0
IS	143	970	970	0	0
IS	144	998	998	0	0
IS	145	1112	1112	0	0
IS	146	1116	1116	0	0
IS	147	1134	1134	0	0
IS	148	889	889	0	0
IS	149	964	964	0	0
IS	150	827	827	0	0
IS	151	1054	1054	0	0
IS	152	861	861	0	0
IS	153	969	969	0	0
IS	154	1291	1291	0	0
IS	155	1221	1221	0	0
IS	156	1118	1118	0	0
IS	157	788	788	0	0
IS	158	727	727	0	0
IS	159	777	777	0	0
IS	160	884	884	0	0
IS	161	655	655	0	0
IS	162	584	584	0	0
IS	163	599	599	0	0
IS	164	607	607	0	0
IS	165	592	592	0	0
IS	166	554	554	0	0
IS	167	543	543	0	0
IS	168	488	488	0	0
IS	169	508	508	0	0
IS	170	520	520	0	0
IS	171	505	505	0	0
IS	172	473	473	0	0
IS	173	471	471	0	0
IS	174	452	452	0	0
IS	175	475	475	0	0
IS	176	478	478	0	0
IS	177	408	408	0	0
IS	178	405	405	0	0
IS	179	430	430	0	0
IS	180	428	428	0	0
IS	181	431	431	0	0
IS	182	412	412	0	0
IS	183	432	432	0	0
IS	184	489	489	0	0
IS	185	322	322	0	0
IS	186	334	334	0	0
IS	187	346	346	0	0
IS	188	631	631	0	0
IS	189	317	317	0	0
IS	190	367	367	0	0
IS	191	339	339	0	0
IS	192	338	338	0	0
IS	193	398	398	0	0
IS	194	350	350	0	0
IS	195	288	288	0	0
IS	196	246	246	0	0
IS	197	280	280	0	0
IS	198	278	278	0	0
IS	199	287	287	0	0
IS	200	274	274	0	0
IS	201	244	244	0	0
IS	202	290	290	0	0
IS	203	268	268	0	0
IS	204	229	229	0	0
IS	205	249	249	0	0
IS	206	251	251	0	0
IS	207	241	241	0	0
IS	208	222	222	0	0
IS	209	230	230	0	0
IS	210	252	252	0	0
IS	211	204	204	0	0
IS	212	195	195	0	0
IS	213	198	198	0	0
IS	214	184	184	0	0
IS	215	217	217	0	0
IS	216	176	176	0	0
IS	217	195	195	0	0
IS	218	177	177	0	0
IS	219	169	169	0	0
IS	220	154	154	0	0
IS	221	223	223	0	0
IS	222	158	158	0	0
IS	223	171	171	0	0
IS	224	181	181	0	0
IS	225	149	149	0	0
IS	226	168	168	0	0
IS	227	150	150	0	0
IS	228	162	162	0	0
IS	229	171	171	0	0
IS	230	164	164	0	0
IS	231	165	165	0	0
IS	232	138	138	0	0
IS	233	139	139	0	0
IS	234	145	145	0	0
IS	235	124	124	0	0
IS	236	131	131	0	0
IS	237	150	150	0	0
IS	238	113	113	0	0
IS	239	132	132	0	0
IS	240	131	131	0	0
IS	241	117	117	0	0
IS	242	123	123	0	0
IS	243	113	113	0	0
IS	244	115	115	0	0
IS	245	104	104	0	0
IS	246	132	132	0	0
IS	247	107	107	0	0
IS	248	111	111	0	0
IS	249	99	99	0	0
IS	250	109	109	0	0
IS	251	107	107	0	0
IS	252	98	98	0	0
IS	253	87	87	0	0
IS	254	105	105	0	0
IS	255	105	105	0	0
IS	256	80	80	0	0
IS	257	105	105	0	0
IS	258	79	79	0	0
IS	259	91	91	0	0
IS	260	87	87	0	0
IS	261	100	100	0	0
IS	262	85	85	0	0
IS	263	93	93	0	0
IS	264	94	94	0	0
IS	265	91	91	0	0
IS	266	88	88	0	0
IS	267	63	63	0	0
IS	268	79	79	0	0
IS	269	87	87	0	0
IS	270	68	68	0	0
IS	271	78	78	0	0
IS	272	70	70	0	0
IS	273	73	73	0	0
IS	274	79	79	0	0
IS	275	81	81	0	0
IS	276	65	65	0	0
IS	277	85	85	0	0
IS	278	71	71	0	0
IS	279	43	43	0	0
IS	280	81	81	0	0
IS	281	48	48	0	0
IS	282	65	65	0	0
IS	283	60	60	0	0
IS	284	61	61	0	0
IS	285	63	63	0	0
IS	286	50	50	0	0
IS	287	69	69	0	0
IS	288	65	65	0	0
IS	289	70	70	0	0
IS	290	66	66	0	0
IS	291	52	52	0	0
IS	292	63	63	0	0
IS	293	59	59	0	0
IS	294	56	56	0	0
IS	295	47	47	0	0
IS	296	50	50	0	0
IS	297	47	47	0	0
IS	298	54	54	0	0
IS	299	52	52	0	0
IS	300	43	43	0	0
IS	301	49	49	0	0
IS	302	34	34	0	0
IS	303	48	48	0	0
IS	304	45	45	0	0
IS	305	46	46	0	0
IS	306	47	47	0	0
IS	307	44	44	0	0
IS	308	41	41	0	0
IS	309	42	42	0	0
IS	310	40	40	0	0
IS	311	57	57	0	0
IS	312	42	42	0	0
IS	313	41	41	0	0
IS	314	47	47	0	0
IS	315	39	39	0	0
IS	316	30	30	0	0
IS	317	49	49	0	0
IS	318	42	42	0	0
IS	319	24	24	0	0
IS	320	47	47	0	0
IS	321	30	30	0	0
IS	322	32	32	0	0
IS	323	29	29	0	0
IS	324	28	28	0	0
IS	325	22	22	0	0
IS	326	36	36	0	0
IS	327	24	24	0	0
IS	328	35	35	0	0
IS	329	30	30	0	0
IS	330	40	40	0	0
IS	331	31	31	0	0
IS	332	28	28	0	0
IS	333	32	32	0	0
IS	334	28	28	0	0
IS	335	36	36	0	0
IS	336	28	28	0	0
IS	337	24	24	0	0
IS	338	27	27	0	0
IS	339	18	18	0	0
IS	340	25	25	0	0
IS	341	27	27	0	0
IS	342	30	30	0	0
IS	343	27	27	0	0
IS	344	21	21	0	0
IS	345	16	16	0	0
IS	346	23	23	0	0
IS	347	21	21	0	0
IS	348	16	16	0	0
IS	349	15	15	0	0
IS	350	27	27	0	0
IS	351	17	17	0	0
IS	352	25	25	0	0
IS	353	17	17	0	0
IS	354	19	19	0	0
IS	355	15	15	0	0
IS	356	14	14	0	0
IS	357	16	16	0	0
IS	358	30	30	0	0
IS	359	19	19	0	0
# Read lengths. Use `grep ^RL | cut -f 2-` to extract this part. The columns are: read length, count
RL	50	177
RL	51	190
RL	52	165
RL	53	150
RL	54	180
RL	55	193
RL	56	198
RL	57	190
RL	58	177
RL	59	230
RL	60	244
RL	61	191
RL	62	202
RL	63	216
RL	64	221
RL	65	201
RL	66	191
RL	67	250
RL	68	208
RL	69	193
RL	70	190
RL	71	212
RL	72	204
RL	73	212
RL	74	220
RL	75	226
RL	76	216
RL	77	217
RL	78	251
RL	79	222
RL	80	225
RL	81	247
RL	82	204
RL	83	224
RL	84	223
RL	85	239
RL	86	196
RL	87	193
RL	88	228
RL	89	198
RL	90	234
RL	91	254
RL	92	242
RL	93	259
RL	94	316
RL	95	280
RL	96	406
RL	97	373
RL	98	353
RL	99	1049
RL	100	260526
# Read lengths - first fragments. Use `grep ^FRL | cut -f 2-` to extract this part. The columns are: read length, count
FRL	50	77
FRL	51	73
FRL	52	68
FRL	53	60
FRL	54	84
FRL	55	80
FRL	56	76
FRL	57	87
FRL	58	59
FRL	59	93
FRL	60	140
FRL	61	84
FRL	62	79
FRL	63	106
FRL	64	122
FRL	65	90
FRL	66	81
FRL	67	165
FRL	68	95
FRL	69	85
FRL	70	82
FRL	71	83
FRL	72	88
FRL	73	102
FRL	74	98
FRL	75	110
FRL	76	94
FRL	77	98
FRL	78	123
FRL	79	110
FRL	80	127
FRL	81	93
FRL	82	116
FRL	83	101
FRL	84	117
FRL	85	112
FRL	86	117
FRL	87	106
FRL	88	117
FRL	89	102
FRL	90	121
FRL	91	125
FRL	92	122
FRL	93	130
FRL	94	158
FRL	95	124
FRL	96	187
FRL	97	143
FRL	98	197
FRL	99	526
FRL	100	130570
# Read lengths - last fragments. Use `grep ^LRL | cut -f 2-` to extract this part. The columns are: read length, count
LRL	50	100
LRL	51	117
LRL	52	97
LRL	53	90
LRL	54	96
LRL	55	113
LRL	56	122
LRL	57	103
LRL	58	118
LRL	59	137
LRL	60	104
LRL	61	107
LRL	62	123
LRL	63	110
LRL	64	99
LRL	65	111
LRL	66	110
LRL	67	85
LRL	68	113
LRL	69	108
LRL	70	108
LRL	71	129
LRL	72	116
LRL	73	110
LRL	74	122
LRL	75	116
LRL	76	122
LRL	77	119
LRL	78	128
LRL	79	112
LRL	80	98
LRL	81	154
LRL	82	88
LRL	83	123
LRL	84	106
LRL	85	127
LRL	86	79
LRL	87	87
LRL	88	111
LRL	89	96
LRL	90	113
LRL	91	129
LRL	92	120
LRL	93	129
LRL	94	158
LRL	95	156
LRL	96	219
LRL	97	230
LRL	98	156
LRL	99	523
LRL	100	129956
# Mapping qualities for reads !(UNMAP|SECOND|SUPPL|QCFAIL|DUP). Use `grep ^MAPQ | cut -f 2-` to extract this part. The columns are: mapq, count
MAPQ	0	4487
MAPQ	1	4
MAPQ	2	1
MAPQ	3	6
MAPQ	4	6
MAPQ	6	1
MAPQ	7	2
MAPQ	8	1
MAPQ	9	11
MAPQ	10	4
MAPQ	12	2
MAPQ	13	7
MAPQ	15	8
MAPQ	17	4
MAPQ	18	2
MAPQ	19	1
MAPQ	20	8
MAPQ	21	15
MAPQ	22	2
MAPQ	23	6
MAPQ	24	11
MAPQ	25	23
MAPQ	26	4
MAPQ	27	70
MAPQ	28	2
MAPQ	29	1
MAPQ	30	4
MAPQ	31	4
MAPQ	32	4
MAPQ	33	11
MAPQ	36	1
MAPQ	37	12
MAPQ	38	5
MAPQ	39	13
MAPQ	40	169
MAPQ	41	2
MAPQ	42	11
MAPQ	43	16
MAPQ	44	2
MAPQ	45	23
MAPQ	46	22
MAPQ	47	18
MAPQ	48	38
MAPQ	49	53
MAPQ	50	123
MAPQ	51	14
MAPQ	52	30
MAPQ	53	10
MAPQ	54	12
MAPQ	55	34
MAPQ	56	13
MAPQ	57	20
MAPQ	58	20
MAPQ	59	6
MAPQ	60	264880
# Indel distribution. Use `grep ^ID | cut -f 2-` to extract this part. The columns are: length, number of insertions, number of deletions
ID	1	1246	2335
ID	2	29	53
ID	3	18	13
ID	4	3	3
ID	5	1	0
ID	19	0	1
# Indels per cycle. Use `grep ^IC | cut -f 2-` to extract this part. The columns are: cycle, number of insertions (fwd), .. (rev) , number of deletions (fwd), .. (rev)
IC	3	0	0	23	547
IC	4	6	233	7	573
IC	5	3	131	8	139
IC	6	5	125	1	4
IC	7	1	1	2	0
IC	8	2	2	3	5
IC	9	2	2	6	5
IC	10	1	1	3	8
IC	11	3	5	2	13
IC	12	3	0	5	6
IC	13	1	3	5	5
IC	14	2	4	22	11
IC	15	1	6	9	9
IC	16	1	1	3	7
IC	17	1	3	9	6
IC	18	0	6	3	10
IC	19	3	4	7	10
IC	20	3	3	5	9
IC	21	2	0	3	6
IC	22	1	2	5	6
IC	23	0	2	11	7
IC	24	1	2	4	3
IC	25	1	2	5	7
IC	26	4	1	2	4
IC	27	3	5	7	6
IC	28	2	4	2	9
IC	29	0	4	4	6
IC	30	0	1	3	2
IC	31	2	4	4	4
IC	32	7	1	2	5
IC	33	4	3	3	3
IC	34	5	5	6	2
IC	35	4	6	4	2
IC	36	2	5	9	6
IC	37	2	4	4	4
IC	38	4	3	7	6
IC	39	3	5	3	6
IC	40	2	1	7	4
IC	41	5	0	2	4
IC	42	13	4	2	5
IC	43	4	4	3	7
IC	44	7	1	3	8
IC	45	3	5	6	4
IC	46	5	3	3	5
IC	47	1	2	7	10
IC	48	6	3	5	5
IC	49	3	1	7	3
IC	50	2	3	4	3
IC	51	4	3	4	3
IC	52	3	2	6	1
IC	53	1	2	3	1
IC	54	1	5	4	10
IC	55	1	0	6	5
IC	56	6	3	8	5
IC	57	2	7	2	6
IC	58	3	4	1	4
IC	59	5	2	9	3
IC	60	2	2	5	5
IC	61	2	3	11	6
IC	62	5	4	1	11
IC	63	0	4	2	7
IC	64	4	1	9	5
IC	65	4	6	4	3
IC	66	2	1	10	6
IC	67	3	1	5	3
IC	68	5	3	3	6
IC	69	3	5	3	3
IC	70	3	1	4	8
IC	71	3	3	3	2
IC	72	1	1	4	8
IC	73	5	5	5	2
IC	74	6	1	2	3
IC	75	2	1	2	1
IC	76	5	0	7	4
IC	77	4	6	4	1
IC	78	5	1	5	5
IC	79	5	5	2	6
IC	80	3	6	3	5
IC	81	5	3	9	13
IC	82	1	3	1	6
IC	83	1	3	8	4
IC	84	1	1	9	6
IC	85	2	1	0	1
IC	86	2	1	8	11
IC	87	7	1	5	4
IC	88	2	27	11	4
IC	89	0	10	11	6
IC	90	10	6	6	2
IC	91	7	2	14	4
IC	92	4	2	10	3
IC	93	6	1	13	3
IC	94	16	1	19	4
IC	95	29	5	37	0
IC	96	81	6	44	10
IC	97	86	26	47	18
# Coverage distribution. Use `grep ^COV | cut -f 2-` to extract this part.
COV	[1-1]	1	338912
COV	[2-2]	2	296322
COV	[3-3]	3	162030
COV	[4-4]	4	136963
COV	[5-5]	5	97328
COV	[6-6]	6	80074
COV	[7-7]	7	61893
COV	[8-8]	8	52998
COV	[9-9]	9	42726
COV	[10-10]	10	36640
COV	[11-11]	11	32765
COV	[12-12]	12	27154
COV	[13-13]	13	22097
COV	[14-14]	14	20923
COV	[15-15]	15	17876
COV	[16-16]	16	16183
COV	[17-17]	17	14325
COV	[18-18]	18	12924
COV	[19-19]	19	11449
COV	[20-20]	20	10478
COV	[21-21]	21	9211
COV	[22-22]	22	7919
COV	[23-23]	23	7510
COV	[24-24]	24	6862
COV	[25-25]	25	6769
COV	[26-26]	26	6794
COV	[27-27]	27	6101
COV	[28-28]	28	5870
COV	[29-29]	29	5553
COV	[30-30]	30	4921
COV	[31-31]	31	4811
COV	[32-32]	32	4451
COV	[33-33]	33	3774
COV	[34-34]	34	3602
COV	[35-35]	35	3670
COV	[36-36]	36	3277
COV	[37-37]	37	3095
COV	[38-38]	38	3027
COV	[39-39]	39	2710
COV	[40-40]	40	2640
COV	[41-41]	41	2420
COV	[42-42]	42	2438
COV	[43-43]	43	2502
COV	[44-44]	44	2116
COV	[45-45]	45	2155
COV	[46-46]	46	1888
COV	[47-47]	47	1940
COV	[48-48]	48	1751
COV	[49-49]	49	1631
COV	[50-50]	50	1682
COV	[51-51]	51	1585
COV	[52-52]	52	1393
COV	[53-53]	53	1461
COV	[54-54]	54	1367
COV	[55-55]	55	1267
COV	[56-56]	56	1230
COV	[57-57]	57	1301
COV	[58-58]	58	1187
COV	[59-59]	59	1074
COV	[60-60]	60	1055
COV	[61-61]	61	1049
COV	[62-62]	62	1045
COV	[63-63]	63	1055
COV	[64-64]	64	965
COV	[65-65]	65	1025
COV	[66-66]	66	1034
COV	[67-67]	67	1005
COV	[68-68]	68	958
COV	[69-69]	69	951
COV	[70-70]	70	956
COV	[71-71]	71	967
COV	[72-72]	72	1027
COV	[73-73]	73	936
COV	[74-74]	74	783
COV	[75-75]	75	723
COV	[76-76]	76	780
COV	[77-77]	77	700
COV	[78-78]	78	578
COV	[79-79]	79	611
COV	[80-80]	80	578
COV	[81-81]	81	574
COV	[82-82]	82	565
COV	[83-83]	83	518
COV	[84-84]	84	581
COV	[85-85]	85	602
COV	[86-86]	86	527
COV	[87-87]	87	507
COV	[88-88]	88	559
COV	[89-89]	89	500
COV	[90-90]	90	519
COV	[91-91]	91	574
COV	[92-92]	92	500
COV	[93-93]	93	460
COV	[94-94]	94	409
COV	[95-95]	95	375
COV	[96-96]	96	410
COV	[97-97]	97	366
COV	[98-98]	98	347
COV	[99-99]	99	342
COV	[100-100]	100	430
COV	[101-101]	101	420
COV	[102-102]	102	352
COV	[103-103]	103	355
COV	[104-104]	104	403
COV	[105-105]	105	339
COV	[106-106]	106	354
COV	[107-107]	107	306
COV	[108-108]	108	257
COV	[109-109]	109	311
COV	[110-110]	110	267
COV	[111-111]	111	331
COV	[112-112]	112	204
COV	[113-113]	113	245
COV	[114-114]	114	328
COV	[115-115]	115	273
COV	[116-116]	116	258
COV	[117-117]	117	251
COV	[118-118]	118	266
COV	[119-119]	119	311
COV	[120-120]	120	266
COV	[121-121]	121	264
COV	[122-122]	122	271
COV	[123-123]	123	258
COV	[124-124]	124	277
COV	[125-125]	125	242
COV	[126-126]	126	235
COV	[127-127]	127	236
COV	[128-128]	128	231
COV	[129-129]	129	223
COV	[130-130]	130	177
COV	[131-131]	131	178
COV	[132-132]	132	164
COV	[133-133]	133	176
COV	[134-134]	134	145
COV	[135-135]	135	173
COV	[136-136]	136	162
COV	[137-137]	137	188
COV	[138-138]	138	163
COV	[139-139]	139	144
COV	[140-140]	140	148
COV	[141-141]	141	182
COV	[142-142]	142	197
COV	[143-143]	143	206
COV	[144-144]	144	150
COV	[145-145]	145	156
COV	[146-146]	146	115
COV	[147-147]	147	134
COV	[148-148]	148	136
COV	[149-149]	149	141
COV	[150-150]	150	131
COV	[151-151]	151	97
COV	[152-152]	152	87
COV	[153-153]	153	139
COV	[154-154]	154	150
COV	[155-155]	155	73
COV	[156-156]	156	120
COV	[157-157]	157	99
COV	[158-158]	158	124
COV	[159-159]	159	117
COV	[160-160]	160	111
COV	[161-161]	161	108
COV	[162-162]	162	118
COV	[163-163]	163	144
COV	[164-164]	164	107
COV	[165-165]	165	98
COV	[166-166]	166	95
COV	[167-167]	167	99
COV	[168-168]	168	95
COV	[169-169]	169	84
COV	[170-170]	170	99
COV	[171-171]	171	102
COV	[172-172]	172	84
COV	[173-173]	173	100
COV	[174-174]	174	109
COV	[175-175]	175	91
COV	[176-176]	176	74
COV	[177-177]	177	113
COV	[178-178]	178	103
COV	[179-179]	179	91
COV	[180-180]	180	51
COV	[181-181]	181	74
COV	[182-182]	182	54
COV	[183-183]	183	54
COV	[184-184]	184	49
COV	[185-185]	185	72
COV	[186-186]	186	56
COV	[187-187]	187	63
COV	[188-188]	188	78
COV	[189-189]	189	68
COV	[190-190]	190	64
COV	[191-191]	191	97
COV	[192-192]	192	66
COV	[193-193]	193	74
COV	[194-194]	194	71
COV	[195-195]	195	84
COV	[196-196]	196	90
COV	[197-197]	197	87
COV	[198-198]	198	76
COV	[199-199]	199	77
COV	[200-200]	200	61
COV	[201-201]	201	82
COV	[202-202]	202	106
COV	[203-203]	203	74
COV	[204-204]	204	81
COV	[205-205]	205	73
COV	[206-206]	206	102
COV	[207-207]	207	74
COV	[208-208]	208	52
COV	[209-209]	209	65
COV	[210-210]	210	97
COV	[211-211]	211	55
COV	[212-212]	212	52
COV	[213-213]	213	41
COV	[214-214]	214	42
COV	[215-215]	215	81
COV	[216-216]	216	71
COV	[217-217]	217	59
COV	[218-218]	218	68
COV	[219-219]	219	39
COV	[220-220]	220	44
COV	[221-221]	221	44
COV	[222-222]	222	47
COV	[223-223]	223	40
COV	[224-224]	224	56
COV	[225-225]	225	47
COV	[226-226]	226	58
COV	[227-227]	227	51
COV	[228-228]	228	54
COV	[229-229]	229	74
COV	[230-230]	230	65
COV	[231-231]	231	96
COV	[232-232]	232	89
COV	[233-233]	233	69
COV	[234-234]	234	51
COV	[235-235]	235	55
COV	[236-236]	236	33
COV	[237-237]	237	47
COV	[238-238]	238	66
COV	[239-239]	239	65
COV	[240-240]	240	56
COV	[241-241]	241	61
COV	[242-242]	242	48
COV	[243-243]	243	53
COV	[244-244]	244	29
COV	[245-245]	245	37
COV	[246-246]	246	37
COV	[247-247]	247	39
COV	[248-248]	248	65
COV	[249-249]	249	45
COV	[250-250]	250	43
COV	[251-251]	251	34
COV	[252-252]	252	47
COV	[253-253]	253	50
COV	[254-254]	254	32
COV	[255-255]	255	44
COV	[256-256]	256	33
COV	[257-257]	257	45
COV	[258-258]	258	56
COV	[259-259]	259	59
COV	[260-260]	260	62
COV	[261-261]	261	42
COV	[262-262]	262	48
COV	[263-263]	263	61
COV	[264-264]	264	53
COV	[265-265]	265	56
COV	[266-266]	266	45
COV	[267-267]	267	46
COV	[268-268]	268	34
COV	[269-269]	269	25
COV	[270-270]	270	32
COV	[271-271]	271	47
COV	[272-272]	272	30
COV	[273-273]	273	47
COV	[274-274]	274	37
COV	[275-275]	275	42
COV	[276-276]	276	44
COV	[277-277]	277	32
COV	[278-278]	278	30
COV	[279-279]	279	35
COV	[280-280]	280	25
COV	[281-281]	281	26
COV	[282-282]	282	42
COV	[283-283]	283	51
COV	[284-284]	284	48
COV	[285-285]	285	47
COV	[286-286]	286	39
COV	[287-287]	287	38
COV	[288-288]	288	39
COV	[289-289]	289	24
COV	[290-290]	290	27
COV	[291-291]	291	14
COV	[292-292]	292	32
COV	[293-293]	293	23
COV	[294-294]	294	24
COV	[295-295]	295	20
COV	[296-296]	296	25
COV	[297-297]	297	16
COV	[298-298]	298	11
COV	[299-299]	299	17
COV	[300-300]	300	9
COV	[301-301]	301	19
COV	[302-302]	302	16
COV	[303-303]	303	21
COV	[304-304]	304	15
COV	[305-305]	305	17
COV	[306-306]	306	20
COV	[307-307]	307	26
COV	[308-308]	308	34
COV	[309-309]	309	21
COV	[310-310]	310	30
COV	[311-311]	311	23
COV	[312-312]	312	28
COV	[313-313]	313	19
COV	[314-314]	314	11
COV	[315-315]	315	10
COV	[316-316]	316	14
COV	[317-317]	317	8
COV	[318-318]	318	11
COV	[319-319]	319	6
COV	[320-320]	320	14
COV	[321-321]	321	13
COV	[322-322]	322	15
COV	[323-323]	323	10
COV	[324-324]	324	26
COV	[325-325]	325	15
COV	[326-326]	326	18
COV	[327-327]	327	32
COV	[328-328]	328	19
COV	[329-329]	329	15
COV	[330-330]	330	16
COV	[331-331]	331	15
COV	[332-332]	332	20
COV	[333-333]	333	20
COV	[334-334]	334	9
COV	[335-335]	335	11
COV	[336-336]	336	16
COV	[337-337]	337	12
COV	[338-338]	338	20
COV	[339-339]	339	12
COV	[340-340]	340	9
COV	[341-341]	341	10
COV	[342-342]	342	6
COV	[343-343]	343	6
COV	[344-344]	344	13
COV	[345-345]	345	8
COV	[346-346]	346	11
COV	[347-347]	347	13
COV	[348-348]	348	13
COV	[349-349]	349	6
COV	[350-350]	350	8
COV	[351-351]	351	6
COV	[352-352]	352	5
COV	[353-353]	353	9
COV	[354-354]	354	2
COV	[355-355]	355	6
COV	[356-356]	356	6
COV	[357-357]	357	4
COV	[358-358]	358	9
COV	[359-359]	359	10
COV	[360-360]	360	3
COV	[361-361]	361	10
COV	[362-362]	362	22
COV	[363-363]	363	3
COV	[364-364]	364	7
COV	[365-365]	365	13
COV	[366-366]	366	14
COV	[367-367]	367	11
COV	[368-368]	368	6
COV	[369-369]	369	7
COV	[370-370]	370	11
COV	[371-371]	371	3
COV	[372-372]	372	8
COV	[373-373]	373	9
COV	[374-374]	374	4
COV	[375-375]	375	9
COV	[376-376]	376	11
COV	[377-377]	377	11
COV	[378-378]	378	8
COV	[379-379]	379	7
COV	[380-380]	380	13
COV	[381-381]	381	9
COV	[382-382]	382	7
COV	[383-383]	383	8
COV	[384-384]	384	7
COV	[385-385]	385	14
COV	[386-386]	386	15
COV	[387-387]	387	19
COV	[388-388]	388	18
COV	[389-389]	389	10
COV	[390-390]	390	9
COV	[391-391]	391	10
COV	[392-392]	392	14
COV	[393-393]	393	12
COV	[394-394]	394	5
COV	[395-395]	395	6
COV	[396-396]	396	14
COV	[397-397]	397	8
COV	[398-398]	398	7
COV	[399-399]	399	14
COV	[400-400]	400	5
COV	[401-401]	401	3
COV	[402-402]	402	2
COV	[403-403]	403	5
COV	[404-404]	404	4
COV	[406-406]	406	4
COV	[407-407]	407	2
COV	[408-408]	408	2
COV	[409-409]	409	2
COV	[410-410]	410	6
COV	[411-411]	411	8
COV	[412-412]	412	7
COV	[413-413]	413	9
COV	[414-414]	414	3
COV	[415-415]	415	4
COV	[416-416]	416	18
COV	[417-417]	417	6
COV	[418-418]	418	12
COV	[419-419]	419	3
COV	[420-420]	420	4
COV	[421-421]	421	4
COV	[422-422]	422	3
COV	[424-424]	424	4
COV	[425-425]	425	5
COV	[426-426]	426	13
COV	[427-427]	427	13
COV	[428-428]	428	6
COV	[429-429]	429	7
COV	[430-430]	430	4
COV	[431-431]	431	2
COV	[432-432]	432	8
COV	[433-433]	433	7
COV	[434-434]	434	12
COV	[435-435]	435	5
COV	[436-436]	436	1
COV	[437-437]	437	3
COV	[438-438]	438	5
COV	[439-439]	439	2
COV	[440-440]	440	1
COV	[442-442]	442	3
COV	[443-443]	443	1
COV	[445-445]	445	2
COV	[446-446]	446	2
COV	[447-447]	447	2
COV	[448-448]	448	3
COV	[449-449]	449	4
COV	[450-450]	450	5
COV	[451-451]	451	4
COV	[452-452]	452	3
COV	[453-453]	453	1
COV	[454-454]	454	3
COV	[455-455]	455	3
COV	[457-457]	457	2
COV	[458-458]	458	3
COV	[459-459]	459	3
COV	[460-460]	460	1
COV	[461-461]	461	2
COV	[463-463]	463	3
COV	[464-464]	464	2
COV	[465-465]	465	3
COV	[466-466]	466	3
COV	[467-467]	467	2
COV	[468-468]	468	4
COV	[469-469]	469	2
COV	[470-470]	470	1
COV	[471-471]	471	1
COV	[472-472]	472	4
COV	[473-473]	473	1
COV	[474-474]	474	2
COV	[475-475]	475	2
COV	[476-476]	476	2
COV	[478-478]	478	4
COV	[479-479]	479	4
COV	[480-480]	480	3
COV	[481-481]	481	2
COV	[482-482]	482	2
COV	[483-483]	483	3
COV	[484-484]	484	3
COV	[485-485]	485	2
COV	[486-486]	486	1
COV	[487-487]	487	1
COV	[488-488]	488	3
COV	[489-489]	489	3
COV	[490-490]	490	5
COV	[491-491]	491	4
COV	[492-492]	492	1
COV	[493-493]	493	2
COV	[494-494]	494	2
COV	[495-495]	495	5
COV	[496-496]	496	1
COV	[497-497]	497	2
COV	[498-498]	498	4
COV	[499-499]	499	4
COV	[500-500]	500	4
COV	[501-501]	501	1
COV	[503-503]	503	2
COV	[504-504]	504	1
COV	[505-505]	505	1
COV	[506-506]	506	1
COV	[507-507]	507	3
COV	[508-508]	508	3
COV	[509-509]	509	3
COV	[511-511]	511	2
COV	[514-514]	514	2
COV	[515-515]	515	1
COV	[516-516]	516	3
COV	[517-517]	517	1
COV	[518-518]	518	2
COV	[519-519]	519	1
COV	[520-520]	520	1
COV	[521-521]	521	2
COV	[523-523]	523	1
COV	[524-524]	524	1
COV	[525-525]	525	1
COV	[526-526]	526	2
COV	[527-527]	527	2
COV	[528-528]	528	1
COV	[529-529]	529	2
COV	[530-530]	530	3
COV	[531-531]	531	4
COV	[532-532]	532	3
COV	[533-533]	533	2
COV	[535-535]	535	2
COV	[536-536]	536	5
COV	[538-538]	538	1
COV	[539-539]	539	5
COV	[540-540]	540	3
COV	[541-541]	541	5
COV	[542-542]	542	1
COV	[544-544]	544	1
COV	[545-545]	545	3
COV	[546-546]	546	2
COV	[547-547]	547	4
COV	[548-548]	548	4
COV	[549-549]	549	1
COV	[550-550]	550	1
COV	[551-551]	551	4
COV	[553-553]	553	8
COV	[554-554]	554	2
COV	[555-555]	555	6
COV	[556-556]	556	5
COV	[557-557]	557	3
COV	[558-558]	558	1
COV	[559-559]	559	2
COV	[560-560]	560	3
COV	[561-561]	561	2
COV	[562-562]	562	8
COV	[563-563]	563	1
COV	[565-565]	565	3
COV	[566-566]	566	2
COV	[567-567]	567	3
COV	[568-568]	568	1
COV	[569-569]	569	4
COV	[570-570]	570	4
COV	[571-571]	571	4
COV	[572-572]	572	8
COV	[573-573]	573	4
COV	[574-574]	574	2
COV	[575-575]	575	4
COV	[576-576]	576	2
COV	[577-577]	577	2
COV	[578-578]	578	1
COV	[579-579]	579	1
COV	[580-580]	580	4
COV	[581-581]	581	1
COV	[582-582]	582	4
COV	[585-585]	585	2
COV	[586-586]	586	3
COV	[587-587]	587	2
COV	[588-588]	588	1
COV	[591-591]	591	3
COV	[592-592]	592	1
COV	[593-593]	593	1
COV	[598-598]	598	1
COV	[599-599]	599	1
COV	[600-600]	600	1
COV	[601-601]	601	3
COV	[602-602]	602	4
COV	[603-603]	603	3
COV	[604-604]	604	3
COV	[605-605]	605	4
COV	[606-606]	606	2
COV	[608-608]	608	3
COV	[609-609]	609	3
COV	[610-610]	610	4
COV	[611-611]	611	1
COV	[612-612]	612	2
COV	[613-613]	613	6
COV	[614-614]	614	3
COV	[615-615]	615	3
COV	[617-617]	617	1
COV	[618-618]	618	2
COV	[619-619]	619	1
COV	[620-620]	620	1
COV	[621-621]	621	1
COV	[622-622]	622	1
COV	[623-623]	623	2
COV	[624-624]	624	7
COV	[625-625]	625	6
COV	[626-626]	626	1
COV	[627-627]	627	1
COV	[628-628]	628	3
COV	[629-629]	629	2
COV	[634-634]	634	2
COV	[641-641]	641	1
COV	[642-642]	642	2
COV	[643-643]	643	1
COV	[644-644]	644	1
COV	[645-645]	645	1
COV	[647-647]	647	1
COV	[649-649]	649	1
COV	[650-650]	650	2
COV	[652-652]	652	1
COV	[654-654]	654	1
COV	[658-658]	658	1
COV	[659-659]	659	1
COV	[661-661]	661	1
COV	[664-664]	664	1
COV	[665-665]	665	1
COV	[667-667]	667	2
COV	[668-668]	668	1
COV	[669-669]	669	1
COV	[670-670]	670	1
COV	[671-671]	671	2
COV	[675-675]	675	2
COV	[683-683]	683	1
COV	[684-684]	684	1
COV	[686-686]	686	1
COV	[687-687]	687	1
COV	[688-688]	688	2
COV	[689-689]	689	1
COV	[690-690]	690	2
COV	[692-692]	692	2
COV	[693-693]	693	1
COV	[696-696]	696	1
COV	[701-701]	701	2
COV	[702-702]	702	3
COV	[703-703]	703	1
COV	[704-704]	704	1
COV	[705-705]	705	1
COV	[707-707]	707	2
COV	[708-708]	708	1
COV	[709-709]	709	2
COV	[710-710]	710	2
COV	[711-711]	711	1
COV	[713-713]	713	2
COV	[714-714]	714	1
COV	[716-716]	716	2
COV	[717-717]	717	1
COV	[718-718]	718	2
COV	[720-720]	720	2
COV	[722-722]	722	4
COV	[723-723]	723	2
COV	[724-724]	724	2
COV	[726-726]	726	2
COV	[727-727]	727	1
COV	[728-728]	728	2
COV	[730-730]	730	1
COV	[731-731]	731	1
COV	[732-732]	732	6
COV	[733-733]	733	1
COV	[735-735]	735	2
COV	[736-736]	736	1
COV	[737-737]	737	3
COV	[738-738]	738	2
COV	[740-740]	740	3
COV	[741-741]	741	1
COV	[742-742]	742	3
COV	[743-743]	743	2
COV	[745-745]	745	1
COV	[746-746]	746	1
COV	[751-751]	751	1
COV	[755-755]	755	2
COV	[758-758]	758	1
COV	[759-759]	759	1
COV	[760-760]	760	1
COV	[761-761]	761	1
COV	[764-764]	764	1
COV	[765-765]	765	3
COV	[766-766]	766	1
COV	[768-768]	768	1
COV	[769-769]	769	2
COV	[770-770]	770	1
COV	[771-771]	771	4
COV	[772-772]	772	3
COV	[773-773]	773	3
COV	[774-774]	774	1
COV	[775-775]	775	1
COV	[776-776]	776	2
COV	[777-777]	777	5
COV	[778-778]	778	1
COV	[779-779]	779	3
COV	[780-780]	780	2
COV	[781-781]	781	1
COV	[782-782]	782	6
COV	[783-783]	783	3
COV	[785-785]	785	3
COV	[786-786]	786	4
COV	[787-787]	787	2
COV	[790-790]	790	1
COV	[792-792]	792	1
COV	[794-794]	794	2
COV	[795-795]	795	6
COV	[796-796]	796	2
COV	[797-797]	797	2
COV	[799-799]	799	1
COV	[800-800]	800	2
COV	[801-801]	801	5
COV	[802-802]	802	2
COV	[803-803]	803	3
COV	[806-806]	806	1
COV	[811-811]	811	1
COV	[818-818]	818	1
COV	[828-828]	828	1
COV	[830-830]	830	2
COV	[832-832]	832	1
COV	[840-840]	840	1
COV	[851-851]	851	1
COV	[858-858]	858	1
COV	[860-860]	860	1
COV	[862-862]	862	1
COV	[864-864]	864	1
COV	[867-867]	867	1
COV	[871-871]	871	2
COV	[876-876]	876	1
COV	[883-883]	883	1
COV	[887-887]	887	1
COV	[889-889]	889	1
COV	[891-891]	891	2
COV	[896-896]	896	1
COV	[900-900]	900	1
COV	[907-907]	907	1
COV	[911-911]	911	1
COV	[916-916]	916	1
COV	[918-918]	918	1
COV	[923-923]	923	2
COV	[924-924]	924	1
COV	[926-926]	926	1
COV	[927-927]	927	1
COV	[931-931]	931	1
COV	[933-933]	933	1
COV	[939-939]	939	1
COV	[941-941]	941	1
COV	[942-942]	942	1
COV	[944-944]	944	1
COV	[945-945]	945	1
COV	[946-946]	946	3
COV	[947-947]	947	1
COV	[948-948]	948	1
COV	[951-951]	951	1
COV	[952-952]	952	2
COV	[953-953]	953	2
COV	[955-955]	955	2
COV	[958-958]	958	2
COV	[959-959]	959	4
COV	[960-960]	960	1
COV	[962-962]	962	1
COV	[963-963]	963	1
COV	[964-964]	964	1
COV	[965-965]	965	1
COV	[967-967]	967	1
COV	[968-968]	968	1
COV	[971-971]	971	1
COV	[974-974]	974	1
COV	[975-975]	975	1
COV	[977-977]	977	1
COV	[979-979]	979	1
COV	[981-981]	981	1
COV	[982-982]	982	1
COV	[983-983]	983	3
COV	[988-988]	988	1
COV	[990-990]	990	7
COV	[995-995]	995	1
COV	[996-996]	996	1
COV	[1000<]	1000	754
# GC-depth. Use `grep ^GCD | cut -f 2-` to extract this part. The columns are: GC%, unique sequence percentiles, 10th, 25th, 50th, 75th and 90th depth percentile
GCD	0.0	1.156	0.000	0.000	0.000	0.000	0.000
GCD	26.2	1.734	0.386	0.386	0.386	0.386	0.386
GCD	30.0	2.312	0.005	0.005	0.005	0.005	0.005
GCD	32.0	2.890	0.228	0.228	0.228	0.228	0.228
GCD	33.0	5.780	0.010	0.339	0.931	1.929	2.268
GCD	34.0	8.092	0.149	0.183	0.686	4.675	5.873
GCD	35.0	10.983	0.396	0.416	3.001	11.943	20.593
GCD	36.0	12.139	0.857	0.857	2.892	4.927	4.927
GCD	37.0	19.075	0.564	1.098	1.627	2.675	6.940
GCD	38.0	28.324	0.020	0.443	1.124	1.729	6.473
GCD	39.0	39.306	0.550	1.144	2.471	4.243	6.417
GCD	40.0	57.803	0.759	1.931	4.615	8.789	12.846
GCD	41.0	79.769	2.213	4.019	6.427	10.805	20.034
GCD	42.0	91.908	0.935	2.305	5.318	6.442	18.807
GCD	43.0	95.954	4.154	4.318	6.546	17.350	32.056
GCD	44.0	97.110	0.010	0.010	0.262	0.515	0.515
GCD	45.0	98.266	0.119	0.119	4.251	8.383	8.383
GCD	48.0	98.844	49.362	49.362	49.362	49.362	49.362
GCD	49.0	99.422	272.913	272.913	272.913	272.913	272.913
GCD	51.0	100.000	1.015	1.015	1.015	1.015	1.015
