# This file was produced by samtools stats (1.21+htslib-1.21) and can be plotted using plot-bamstats
# This file contains statistics for all reads.
# The command line was:  stats ../../../mapping/transcriptome/ERR1797972/ERR1797972_sorted.bam
# CHK, Checksum	[2]Read Names	[3]Sequences	[4]Qualities
# CHK, CRC32 of reads which passed filtering followed by addition (32bit overflow)
CHK	035a1e12	3e606e55	6bae0742
# Summary Numbers. Use `grep ^SN | cut -f 2-` to extract this part.
SN	raw total sequences:	267282	# excluding supplementary and secondary reads
SN	filtered sequences:	0
SN	sequences:	267282
SN	is sorted:	1
SN	1st fragments:	133641
SN	last fragments:	133641
SN	reads mapped:	265027
SN	reads mapped and paired:	265018	# paired-end technology bit set + both mates mapped
SN	reads unmapped:	2255
SN	reads properly paired:	260150	# proper-pair bit set
SN	reads paired:	267282	# paired-end technology bit set
SN	reads duplicated:	0	# PCR or optical duplicate bit set
SN	reads MQ0:	2792	# mapped and MQ=0
SN	reads QC failed:	0
SN	non-primary alignments:	0
SN	supplementary alignments:	261
SN	total length:	26470675	# ignores clipping
SN	total first fragment length:	13249636	# ignores clipping
SN	total last fragment length:	13221039	# ignores clipping
SN	bases mapped:	26259065	# ignores clipping
SN	bases mapped (cigar):	25670720	# more accurate
SN	bases trimmed:	0
SN	bases duplicated:	0
SN	mismatches:	118180	# from NM fields
SN	error rate:	4.603689e-03	# mismatches / bases mapped (cigar)
SN	average length:	99
SN	average first fragment length:	99
SN	average last fragment length:	99
SN	maximum length:	100
SN	maximum first fragment length:	100
SN	maximum last fragment length:	100
SN	average quality:	37.3
SN	insert size average:	141.4
SN	insert size standard deviation:	53.0
SN	inward oriented pairs:	116937
SN	outward oriented pairs:	15447
SN	pairs with other orientation:	22
SN	pairs on different chromosomes:	103
SN	percentage of properly paired reads (%):	97.3
# First Fragment Qualities. Use `grep ^FFQ | cut -f 2-` to extract this part.
# Columns correspond to qualities and rows to cycles. First column is the cycle number.
FFQ	1	0	0	0	0	0	0	0	0	0	0	137	0	0	0	0	0	291	0	0	11	0	0	52	368	0	482	1044	1495	1232	0	6035	38752	0	10658	73084	0	0	0	0	0	0	0	0
FFQ	2	0	0	0	0	0	0	0	0	0	0	312	0	0	0	0	0	357	0	0	0	0	0	144	320	0	417	970	1729	954	0	4951	34301	0	5852	83334	0	0	0	0	0	0	0	0
FFQ	3	0	0	0	0	0	0	0	0	0	0	103	0	0	0	0	0	290	0	0	3	0	0	99	289	0	469	901	1645	1047	0	4753	33118	0	5572	85341	11	0	0	0	0	0	0	0
FFQ	4	0	0	0	0	0	0	0	0	0	0	103	0	0	0	0	0	135	0	0	99	0	0	103	0	0	261	445	46	699	4	1283	32	1853	3133	0	24235	0	101210	0	0	0	0	0
FFQ	5	0	0	0	0	0	0	0	0	0	0	125	0	0	0	0	0	154	0	0	95	0	0	92	0	0	229	417	43	609	3	1168	40	1656	2853	0	25042	0	101115	0	0	0	0	0
FFQ	6	0	0	0	0	0	0	0	0	14	0	81	17	0	0	0	10	34	81	77	46	0	22	7	98	0	297	378	66	322	263	1099	232	1849	2462	0	22584	2563	101039	0	0	0	0	0
FFQ	7	0	0	0	0	0	0	0	0	23	0	84	11	0	0	0	9	42	96	71	40	0	20	14	100	0	266	387	104	350	265	1116	237	2042	2555	0	22913	2508	100388	0	0	0	0	0
FFQ	8	0	0	0	0	0	0	0	0	14	0	73	14	0	0	0	20	34	85	61	32	0	22	7	123	0	287	358	125	342	223	1075	303	2083	2569	0	23557	2529	99695	1	9	0	0	0
FFQ	9	0	0	0	0	0	0	0	0	25	0	77	13	0	0	0	17	42	90	62	47	0	24	11	130	1	290	158	386	293	241	1154	253	1797	1698	1251	6731	3	14577	9047	95223	0	0	0
FFQ	10	0	0	0	0	0	0	0	0	17	0	63	6	0	0	0	24	48	77	59	27	0	19	9	125	0	271	142	460	196	243	1180	264	1805	1656	1190	6804	2	14532	8729	95693	0	0	0
FFQ	11	0	0	0	0	0	0	0	0	17	0	66	9	0	0	0	11	51	77	60	46	0	29	12	124	0	274	153	504	81	247	1061	239	1829	1635	1248	6597	0	14602	8810	95859	0	0	0
FFQ	12	0	0	0	0	0	0	0	0	24	0	121	23	0	0	0	25	45	97	60	50	0	25	9	145	1	279	146	583	70	256	1176	192	1763	1637	1238	6849	2	14425	8925	95475	0	0	0
FFQ	13	0	0	0	0	0	0	0	0	13	1	63	16	0	0	0	11	40	74	62	48	0	21	8	141	5	281	147	569	53	253	1069	221	1802	1716	1260	6708	1	14534	8902	95612	1	9	0
FFQ	14	0	0	0	0	0	0	0	0	24	2	66	15	1	0	0	1	41	87	56	47	0	17	11	71	81	287	147	588	54	251	438	770	1155	1782	1463	1208	4286	4072	11964	10501	28141	66014	0
FFQ	15	0	0	0	0	0	0	0	0	19	2	66	26	0	0	0	1	55	106	58	43	1	25	12	46	72	258	144	600	59	253	474	827	1133	1785	1374	1188	4183	4017	11973	10306	28059	66476	0
FFQ	16	0	0	0	0	0	0	0	0	22	4	69	12	0	0	0	0	46	83	54	48	0	21	15	48	85	247	130	623	43	258	446	796	1153	1808	1353	1222	4215	3884	11913	9878	27764	67401	0
FFQ	17	0	0	0	0	0	0	1	0	13	0	50	15	0	0	0	2	47	63	55	44	0	13	9	59	87	241	137	525	54	247	475	754	1050	1755	1276	1226	4216	3938	11785	9913	27465	68126	0
FFQ	18	0	0	0	0	0	0	0	0	14	3	44	13	0	0	0	7	55	75	52	41	0	16	15	49	90	232	133	579	38	256	483	784	1048	1840	1252	1195	3951	3922	11747	10096	27712	67899	0
FFQ	19	0	0	0	0	0	0	0	1	13	3	55	13	0	0	0	5	43	6	124	46	2	18	7	52	95	225	136	517	40	246	483	718	1110	1118	2034	1199	3470	3908	9588	11149	28355	68862	0
FFQ	20	0	0	0	0	0	0	1	2	18	5	52	12	0	0	2	4	36	14	99	59	1	15	10	48	107	202	134	531	51	263	503	716	1056	1067	1952	1297	3483	3750	9590	11264	27974	69323	0
FFQ	21	0	0	0	0	0	0	0	1	10	6	53	12	0	0	0	5	35	12	93	44	1	21	13	46	122	219	127	511	40	280	516	718	976	1076	1951	1295	3494	3875	9571	11569	27862	69087	0
FFQ	22	0	0	0	0	0	0	0	1	27	15	70	18	1	1	0	7	53	21	97	42	3	32	13	61	151	210	114	482	40	272	538	713	983	1090	1880	1395	3431	3896	9484	11623	27514	69363	0
FFQ	23	0	0	0	0	0	0	0	0	17	10	45	7	1	1	0	6	57	17	86	57	1	29	18	47	162	211	148	511	43	281	552	757	944	1066	1995	1479	3363	3768	9584	11945	27806	68627	0
FFQ	24	0	0	0	0	0	0	0	1	26	26	65	23	0	0	1	11	49	32	91	53	3	29	10	70	156	194	122	478	43	256	582	717	938	1061	1905	1513	3350	3804	9822	11136	26618	70456	0
FFQ	25	0	0	0	0	0	0	1	1	21	15	38	5	0	0	0	8	60	28	77	38	0	21	9	65	157	188	118	472	58	259	635	687	835	1093	1942	1534	3310	3794	10036	10831	27111	70194	0
FFQ	26	0	0	0	0	0	0	1	1	20	22	50	5	1	0	1	15	47	28	68	50	2	25	13	67	207	180	132	424	43	261	692	688	825	1128	1838	1577	3306	3751	10119	10714	27399	69941	0
FFQ	27	0	0	1	0	0	0	0	1	30	26	37	3	0	1	0	14	62	28	66	41	0	26	9	72	206	187	127	422	53	281	703	725	767	1164	1882	1677	3296	3717	10318	10568	27717	69414	0
FFQ	28	0	0	3	0	0	0	1	0	20	19	30	6	0	1	4	12	64	34	57	49	2	24	7	71	225	216	123	365	55	290	753	722	688	1154	1829	1740	3291	3856	10421	10354	27967	69188	0
FFQ	29	0	0	0	0	0	0	1	3	47	57	32	0	0	1	1	26	64	37	46	58	2	22	11	92	205	182	131	341	59	262	792	698	716	1191	1783	1830	3201	3780	10698	9938	28589	68745	0
FFQ	30	0	0	0	0	0	0	0	3	42	49	33	2	0	1	2	38	70	25	53	64	2	25	16	104	238	210	127	374	53	259	855	749	654	1270	1788	1975	3227	3869	10477	9775	28632	68580	0
FFQ	31	0	0	0	0	0	0	1	2	41	40	14	1	2	6	3	35	79	14	39	58	2	33	13	72	239	216	150	344	57	268	912	759	604	1306	1816	2150	3112	3853	10888	9488	28292	68732	0
FFQ	32	0	0	0	0	0	0	1	6	68	80	15	0	1	5	3	37	71	15	45	57	6	37	16	73	214	242	144	358	95	271	922	745	659	1296	1704	2200	2983	3862	11057	9389	28297	68667	0
FFQ	33	0	0	0	0	0	0	1	2	36	40	7	0	0	2	2	47	59	11	43	60	4	50	29	82	215	262	158	315	79	262	987	780	572	1374	1685	2342	2971	3885	11026	9330	28298	68625	0
FFQ	34	0	0	0	0	0	0	2	2	32	31	4	0	0	3	2	31	48	11	50	45	1	49	23	76	247	219	161	307	103	266	962	754	562	1313	1675	2528	2715	4016	11112	9171	28514	68606	0
FFQ	35	0	0	0	0	0	0	1	5	46	83	0	0	4	5	8	47	54	9	53	46	3	50	17	83	238	236	168	293	100	264	938	789	572	1450	1599	2660	2736	3966	10980	9210	28226	68702	0
FFQ	36	0	0	0	0	0	0	2	3	42	58	0	1	2	3	9	47	56	4	57	47	5	39	27	77	225	203	153	280	121	286	966	798	612	1526	1520	2843	2722	3921	10983	9221	28271	68511	0
FFQ	37	0	0	0	0	0	0	3	6	22	57	0	1	2	4	8	40	49	4	44	61	4	59	35	89	245	221	181	294	107	291	972	852	559	1495	1501	2903	2570	4151	10977	9284	28374	68176	0
FFQ	38	0	0	0	0	0	0	3	4	32	47	0	0	1	1	8	63	48	7	54	70	7	50	42	104	250	191	195	279	138	267	972	784	602	1656	1531	2874	2746	4104	11033	9540	28653	67285	0
FFQ	39	0	0	0	0	0	0	4	11	33	39	0	0	6	5	4	64	26	10	48	46	8	59	48	102	257	196	160	272	171	271	999	830	622	1752	1492	2990	2675	4259	10835	9784	28262	67301	0
FFQ	40	0	0	0	0	0	0	4	7	28	45	0	0	3	5	6	49	31	10	42	61	12	54	44	104	254	155	194	283	185	282	900	818	668	1833	1489	3102	2700	4492	10738	9954	28160	66929	0
FFQ	41	0	0	0	0	0	0	3	9	55	63	0	2	1	7	12	62	33	12	38	60	13	46	36	128	281	165	231	347	183	311	961	847	593	1757	1493	3336	2832	4900	10764	9829	28182	66049	0
FFQ	42	0	0	0	0	0	0	2	12	34	50	0	1	2	11	17	67	25	9	45	54	13	63	45	156	266	156	225	306	215	328	979	852	637	1934	1585	3464	2838	5202	10712	10264	27753	65319	0
FFQ	43	0	0	0	0	0	0	7	11	32	50	0	3	2	11	6	55	17	15	45	53	16	69	50	129	263	127	240	317	194	326	923	907	659	1913	1564	3454	2875	5286	10618	10204	27633	65567	0
FFQ	44	0	0	0	0	0	0	6	13	25	45	0	1	2	13	12	42	11	17	47	70	21	71	65	154	254	105	264	280	270	364	885	975	764	1932	1618	3790	2977	5273	10311	10613	28008	64343	0
FFQ	45	0	0	0	0	0	0	3	18	32	50	0	2	6	18	24	57	12	9	50	59	19	77	47	172	277	109	276	328	277	347	865	1040	772	1901	1745	3696	3137	5618	10487	10634	27503	63974	0
FFQ	46	0	0	0	0	0	0	7	17	48	63	0	0	9	19	20	64	6	12	48	61	20	72	56	173	258	83	282	263	331	378	834	1040	761	1938	1804	3915	3333	5660	10296	10660	27188	63922	0
FFQ	47	0	0	0	0	0	0	4	10	32	44	1	1	11	17	18	55	13	16	39	56	26	66	80	196	253	99	330	324	352	344	742	1053	784	1883	1993	4093	3593	5688	10317	11414	27041	62653	0
FFQ	48	0	0	0	0	0	0	8	16	30	28	0	1	6	24	14	41	7	14	39	57	38	70	89	188	249	64	319	250	439	346	696	1120	890	1875	2246	4217	3855	5881	10271	11710	26706	61837	0
FFQ	49	0	0	0	0	0	0	10	18	42	31	0	0	6	25	29	22	9	12	53	61	32	63	83	199	217	56	348	292	446	355	674	1121	944	1939	2222	4353	4108	6380	9259	12667	26296	61269	0
FFQ	50	0	0	0	0	0	0	12	19	31	25	0	2	8	17	24	26	15	18	44	51	46	76	102	196	209	52	398	255	525	354	648	1159	977	1865	2331	4669	4315	6716	9071	13518	25682	60185	0
FFQ	51	0	0	0	0	0	0	12	24	48	29	0	5	12	29	23	27	7	15	57	60	52	82	106	219	188	48	411	260	595	433	622	1206	950	1970	2664	4997	4559	7267	9159	13573	25030	58815	0
FFQ	52	0	0	0	0	0	0	8	22	43	14	0	3	8	26	32	16	10	14	49	73	59	89	118	201	199	55	412	284	574	443	619	1245	1021	1939	2768	5552	4599	7711	9142	14723	24229	57191	0
FFQ	53	0	0	0	0	0	0	9	30	44	20	0	2	11	27	22	14	12	27	56	68	56	74	131	232	185	53	466	247	658	440	577	1312	1153	2023	2929	6228	5004	7788	8891	15245	23836	55552	0
FFQ	54	0	0	0	0	0	0	11	22	44	15	1	1	12	29	25	12	14	21	46	65	71	63	124	259	183	49	496	256	701	409	591	1352	1199	1960	3146	6873	5328	8249	8691	16063	22901	54079	0
FFQ	55	0	0	0	0	0	1	10	26	42	10	2	3	4	35	26	10	11	17	69	70	61	86	164	223	113	106	517	204	739	460	613	1438	1270	1871	3326	7523	5785	8630	8650	16736	22222	52221	0
FFQ	56	0	0	0	0	0	0	13	24	48	11	0	6	5	25	30	7	11	15	50	45	80	79	148	212	94	116	560	232	763	481	575	1435	1300	1981	3587	8162	6597	9522	8300	17105	21318	50288	0
FFQ	57	0	0	0	0	0	1	16	44	83	14	1	6	17	49	27	9	17	18	66	52	83	77	183	192	89	146	545	257	742	553	618	1453	1361	1959	3853	9139	6795	10234	8058	17914	20516	47975	0
FFQ	58	0	0	0	0	0	0	12	28	90	14	1	4	16	59	32	16	12	27	75	44	104	70	193	240	77	149	596	227	766	559	624	1523	1374	2053	3986	10070	7273	10965	7822	19366	19053	45573	0
FFQ	59	0	0	0	0	0	2	7	37	48	6	0	4	14	54	30	8	6	23	68	47	84	64	189	185	95	123	645	246	768	605	737	1614	1440	2031	4189	11096	8058	12359	7560	19085	17877	43629	0
FFQ	60	0	0	0	0	0	1	17	33	44	3	1	12	8	36	20	3	12	20	78	48	95	88	201	175	85	120	704	210	739	635	724	1628	1590	2117	4674	12455	9143	12788	7027	19978	16954	40476	0
FFQ	61	0	0	0	0	0	2	47	117	237	6	5	18	23	108	53	10	18	18	96	60	110	102	251	177	113	151	730	238	834	718	723	1685	1600	2255	4914	13710	9905	13433	7017	20452	15683	37172	0
FFQ	62	0	0	0	0	0	0	15	44	69	1	5	10	23	84	41	6	16	28	84	57	134	100	254	202	103	163	767	228	854	724	839	1779	1695	2439	5309	15480	10562	14298	6323	21520	14445	34006	0
FFQ	63	0	0	0	0	0	0	29	51	78	1	2	16	18	47	33	3	10	25	80	41	125	96	241	183	83	148	764	226	798	772	935	1788	1757	2561	5605	17229	11279	15391	5885	22290	13110	30922	0
FFQ	64	0	0	0	0	0	0	8	40	52	0	0	6	14	41	17	2	11	19	107	32	126	83	210	146	83	165	824	216	733	830	961	1802	1837	2720	5823	18909	12305	16423	5615	22208	12026	28118	0
FFQ	65	0	0	0	0	0	1	15	44	66	2	1	9	10	61	22	3	13	18	90	33	122	92	220	140	92	166	796	220	673	873	1001	1846	1880	2949	6224	21016	12885	17417	5019	22953	10697	24750	0
FFQ	66	0	0	0	0	0	1	14	42	66	0	2	14	9	50	27	4	16	27	78	23	115	90	216	136	93	170	848	205	639	926	1091	1901	2019	3002	6703	23516	13497	17905	4723	23111	9185	21860	0
FFQ	67	0	0	0	0	0	1	10	53	65	0	1	7	13	40	17	6	14	27	81	46	130	94	217	141	106	151	807	198	612	974	1131	1870	2009	3250	7098	25941	14555	18510	4216	22508	8204	19143	0
FFQ	68	0	0	0	0	0	0	6	43	45	0	3	9	4	53	19	9	10	33	96	41	123	75	232	120	99	195	832	215	594	1065	1158	1888	2131	3494	7577	28393	15344	19597	3742	21603	6797	16458	0
FFQ	69	0	0	0	0	0	0	4	41	25	0	0	8	6	45	30	3	16	22	96	34	146	102	189	129	98	186	865	232	588	1135	1220	1986	2265	3726	7977	30972	16129	20369	3204	20347	5915	13910	0
FFQ	70	0	0	0	0	0	1	6	36	27	0	0	10	9	40	14	7	17	40	108	27	145	104	155	115	132	212	946	230	621	1125	1258	1991	2189	3950	8677	33369	16763	20785	2912	19236	4840	11825	0
FFQ	71	0	0	0	0	0	0	6	47	29	0	1	22	5	39	18	5	4	37	96	29	148	104	148	124	130	222	894	234	557	1160	1330	2053	2331	4121	8986	36551	17264	21613	2428	17683	4029	9388	0
FFQ	72	0	0	0	0	0	1	15	54	27	0	3	14	19	29	19	3	12	29	110	37	149	98	135	139	169	238	902	251	533	1230	1374	2160	2343	4352	9449	39851	18081	20952	2168	15882	3200	7723	0
FFQ	73	0	0	0	0	0	1	11	36	32	0	3	16	10	37	7	6	13	24	123	35	152	109	130	134	141	291	944	284	509	1338	1322	2034	2587	4471	10152	42789	18795	20206	1723	14510	2538	6160	0
FFQ	74	0	0	0	0	0	2	6	46	29	0	4	12	9	15	16	7	10	28	112	19	168	100	98	148	181	263	974	277	515	1352	1532	2177	2628	4731	10537	46673	18927	18865	1485	13104	1979	4566	0
FFQ	75	0	0	0	0	0	2	11	60	29	0	3	17	11	20	12	5	14	25	113	28	191	92	114	146	160	279	906	346	433	1383	1483	2287	2562	4962	11175	48335	20386	18070	1227	11612	1467	3542	0
FFQ	76	0	0	0	0	0	3	17	77	25	0	3	17	11	24	9	8	6	32	122	26	192	93	102	167	198	310	824	376	463	1407	1497	2278	2655	5001	11711	52210	19989	16778	983	9959	1161	2650	0
FFQ	77	0	0	0	0	0	3	2	50	16	0	11	19	9	34	11	10	16	29	138	29	197	71	83	154	204	358	840	394	410	1528	1444	2370	2685	5164	12249	55283	19908	15475	804	8397	863	2043	0
FFQ	78	0	0	0	0	0	1	4	48	16	0	5	20	10	19	10	10	10	31	103	36	213	83	94	163	209	351	820	417	380	1531	1476	2396	2700	5242	12783	58185	19884	14104	635	7234	526	1441	0
FFQ	79	0	0	0	0	0	0	3	51	9	0	5	17	11	18	8	7	13	35	118	35	217	77	67	183	215	356	776	412	353	1516	1424	2502	2849	5582	12937	61463	19641	12617	448	6010	320	779	0
FFQ	80	0	0	0	0	0	1	3	60	13	0	6	11	3	10	9	16	12	46	99	41	209	68	52	172	197	408	684	432	349	1560	1414	2506	2808	5573	13074	64606	19216	11680	324	4604	199	523	0
FFQ	81	0	0	0	0	0	3	11	85	12	0	8	23	10	7	14	9	9	36	123	42	228	67	49	171	227	436	711	442	327	1542	1421	2383	2762	5655	13450	67370	18511	10555	281	3482	129	311	0
FFQ	82	0	0	0	0	0	0	3	51	3	0	5	18	13	11	16	11	12	29	122	43	255	63	40	168	203	464	633	456	318	1600	1442	2500	2871	5680	13896	69699	17732	9340	202	2610	94	200	0
FFQ	83	0	0	0	0	0	4	13	112	13	0	20	28	16	12	5	19	12	33	105	53	221	57	43	222	209	465	708	548	285	1499	1446	2551	2807	6051	13956	72388	16905	7832	128	1750	55	128	0
FFQ	84	0	0	0	0	0	0	5	60	4	0	5	19	15	15	6	23	12	34	115	52	265	55	23	212	249	493	594	522	245	1575	1508	2467	2799	6024	14304	74385	16199	7023	68	1123	40	71	0
FFQ	85	0	0	0	0	0	3	6	62	6	0	12	32	13	5	7	11	21	35	104	69	225	46	29	206	255	526	529	558	283	1595	1456	2549	2833	6193	14344	76568	15305	5745	51	751	19	41	0
FFQ	86	0	0	0	0	0	5	4	61	0	0	10	12	11	7	10	18	21	47	125	61	236	24	27	207	257	583	515	575	245	1584	1460	2510	2835	6388	14611	78167	14763	4404	41	531	15	23	0
FFQ	87	0	0	0	0	0	5	4	113	7	0	12	18	7	1	14	29	15	49	121	73	248	24	24	215	264	573	426	580	212	1617	1427	2629	2837	6256	14892	79571	13987	3673	23	329	7	11	0
FFQ	88	0	0	0	0	0	4	4	46	2	0	14	25	9	3	8	24	11	38	113	84	247	26	22	213	315	580	406	625	187	1597	1427	2423	2960	6356	14914	81296	13061	2919	16	227	4	9	0
FFQ	89	0	0	0	0	0	2	0	65	3	0	9	14	6	2	5	23	8	35	114	75	219	18	13	241	279	566	386	650	206	1648	1411	2550	2776	6446	15176	82461	12422	2102	4	163	0	5	0
FFQ	90	0	0	0	0	0	4	1	56	5	0	8	9	13	4	4	23	9	49	131	81	239	21	9	216	290	581	322	715	147	1539	1416	2505	2758	6589	15038	83591	11855	1686	7	99	1	0	0
FFQ	91	0	0	0	0	0	7	1	57	3	0	10	10	18	2	6	18	9	47	112	101	223	17	12	241	318	610	271	719	126	1648	1424	2550	2858	6790	14816	83929	11397	1503	2	57	0	1	0
FFQ	92	0	0	0	0	0	5	4	58	1	0	10	15	15	1	6	27	14	44	111	91	224	15	12	246	331	604	244	700	150	1620	1350	2535	2815	7015	14912	84872	10522	1176	5	31	0	1	0
FFQ	93	0	0	0	0	0	7	2	50	3	0	8	8	12	0	4	37	8	60	107	93	233	14	17	227	359	612	218	727	132	1637	1355	2485	2924	7229	14824	85382	9817	1043	0	21	0	0	0
FFQ	94	0	0	0	0	0	3	3	51	1	0	14	4	15	1	3	30	13	47	109	107	215	7	11	235	360	632	205	781	115	1637	1461	2523	2829	7028	14663	85549	9988	892	0	9	0	0	0
FFQ	95	0	0	0	0	0	3	1	55	1	0	19	11	0	12	1	31	13	38	122	115	186	3	10	243	335	621	162	806	94	1692	1462	2534	2796	6970	14823	86375	9111	739	0	4	0	0	0
FFQ	96	0	0	0	0	0	2	1	46	2	0	17	6	0	12	3	30	11	32	108	118	189	4	15	228	328	687	133	776	90	1614	1363	2508	2805	6968	14912	87210	8456	569	0	1	0	0	0
FFQ	97	0	0	0	0	0	2	1	41	2	0	15	3	1	4	1	35	5	55	116	118	174	6	21	205	329	620	110	794	89	1646	1354	2599	2813	6728	15185	86845	8681	468	0	2	0	0	0
FFQ	98	0	0	0	0	0	1	1	30	0	0	6	2	0	3	4	27	13	52	112	132	179	3	12	195	354	644	109	772	62	1598	1356	2420	2769	6681	15007	87066	8865	448	1	0	0	0	0
FFQ	99	0	0	0	0	0	0	0	0	0	0	0	0	0	2	0	28	13	53	106	98	160	2	16	230	349	607	83	766	46	1617	1421	2485	2800	6873	14846	86950	8872	322	0	0	0	0	0
FFQ	100	0	0	0	0	0	0	0	0	0	0	0	0	0	0	0	0	0	0	0	0	160	4	13	229	384	535	76	858	38	1538	1328	2325	2703	7149	14410	87650	8547	305	0	0	0	0	0
# Last Fragment Qualities. Use `grep ^LFQ | cut -f 2-` to extract this part.
# Columns correspond to qualities and rows to cycles. First column is the cycle number.
LFQ	1	0	0	0	0	0	0	0	1	0	0	228	0	0	0	0	0	1016	0	0	52	0	0	44	469	0	1731	1192	1522	3229	32	9311	49526	0	17294	47994	0	0	0	0	0	0	0	0
LFQ	2	0	0	0	0	0	0	0	0	0	0	432	0	0	0	0	0	628	0	0	8	1	0	157	492	0	1150	1265	1761	2402	32	7653	45914	0	11064	60682	0	0	0	0	0	0	0	0
LFQ	3	0	0	0	0	0	0	0	3	0	0	587	0	0	0	0	0	743	0	0	1	1	0	265	539	3	1009	1582	2542	2265	27	7837	46341	0	8066	61830	0	0	0	0	0	0	0	0
LFQ	4	0	0	0	0	0	0	0	2	0	0	600	0	0	0	0	0	467	19	1	340	0	0	243	1	1	573	774	104	1610	3	1974	66	3895	5358	0	36597	0	81013	0	0	0	0	0
LFQ	5	0	0	0	0	0	0	0	0	0	0	476	0	0	0	0	0	374	21	0	348	0	0	194	0	1	477	683	77	1525	10	1860	76	3659	5169	0	36450	0	82241	0	0	0	0	0
LFQ	6	0	0	0	0	0	0	0	1	40	0	82	34	0	0	0	37	66	204	60	69	0	27	19	136	1	356	350	137	831	298	1193	642	3282	3483	0	31674	3487	87132	0	0	0	0	0
LFQ	7	0	0	0	0	0	0	0	0	38	0	94	42	0	0	0	39	45	175	80	58	0	32	20	132	0	318	381	148	548	261	1184	447	2778	2994	0	28791	3275	91761	0	0	0	0	0
LFQ	8	0	0	0	0	0	0	0	0	22	0	67	27	1	0	0	29	38	98	52	71	0	23	18	134	1	299	344	154	351	221	1112	337	2329	2783	0	26280	2959	95891	0	0	0	0	0
LFQ	9	0	0	0	0	0	0	0	0	19	0	75	40	0	0	1	16	38	81	57	77	0	16	20	122	2	287	128	515	255	295	1231	165	1776	1980	1185	6973	12	14238	9169	94868	0	0	0
LFQ	10	0	0	0	0	0	0	0	0	13	0	64	32	0	0	0	13	40	93	61	81	0	11	23	135	1	300	132	552	223	323	1209	137	1766	2025	1155	7005	5	13869	9555	94818	0	0	0
LFQ	11	0	0	0	0	0	0	0	0	25	0	87	42	0	0	0	9	26	117	54	95	0	14	33	142	0	282	105	647	143	298	1252	121	1785	2055	1174	6926	11	13625	9608	94965	0	0	0
LFQ	12	0	0	0	0	0	0	0	0	7	0	77	49	0	0	0	9	24	122	40	100	0	13	18	131	0	279	125	702	60	334	1254	131	1826	2028	1155	7020	10	13687	9590	94850	0	0	0
LFQ	13	0	0	0	0	0	0	0	0	12	0	92	36	0	0	0	12	43	96	50	91	0	16	14	140	9	286	127	706	61	350	1167	139	1869	2131	1180	7027	9	13773	9699	94506	0	0	0
LFQ	14	0	0	0	0	0	0	0	0	11	2	87	47	1	0	0	1	37	125	49	98	0	7	14	26	93	290	132	724	48	321	536	821	1286	2040	1499	1163	4358	3824	11655	8993	27473	67880	0
LFQ	15	0	0	0	0	0	0	0	0	12	1	60	38	0	0	0	0	32	91	66	80	0	12	28	32	124	323	101	746	65	328	511	848	1293	2044	1389	1149	4453	3834	11477	8994	27538	67972	0
LFQ	16	0	0	0	0	0	0	0	1	16	3	74	52	0	0	0	1	31	98	68	86	0	19	23	42	102	324	136	724	56	375	550	849	1285	2106	1431	1207	4587	3850	11755	8944	27424	67422	0
LFQ	17	0	0	0	0	0	0	0	0	13	1	82	36	0	0	0	3	41	100	42	81	0	19	20	41	105	317	118	643	68	305	530	818	1230	1951	1441	1216	4463	3904	11472	9098	27578	67905	0
LFQ	18	0	0	0	0	0	0	0	0	20	2	106	36	0	0	0	2	52	88	57	96	0	13	21	43	117	314	137	724	57	340	608	808	1237	2038	1335	1193	4407	3787	11663	9129	27858	67353	0
LFQ	19	0	0	0	0	0	0	0	0	22	3	86	34	1	0	0	1	47	16	147	96	1	14	16	51	140	308	125	729	73	333	585	833	1265	1248	2270	1188	3749	3640	9312	10636	28562	68110	0
LFQ	20	0	0	0	0	0	0	0	1	8	4	75	31	0	0	1	0	50	17	144	64	0	24	17	52	132	295	135	702	65	332	567	834	1216	1251	2086	1167	3781	3636	9056	10749	28144	69005	0
LFQ	21	0	0	0	0	0	0	0	0	19	4	79	44	0	0	0	3	54	24	127	97	0	16	19	71	154	324	134	781	83	321	656	908	1297	1217	2298	1225	3933	3815	9323	10833	27845	67937	0
LFQ	22	0	0	0	0	0	0	0	0	18	7	84	46	0	1	0	4	51	21	159	75	0	20	19	60	135	309	129	728	72	349	648	904	1233	1251	2266	1295	3851	3993	9363	11517	28012	67021	0
LFQ	23	0	0	0	0	0	0	0	0	13	11	80	33	0	1	0	7	42	31	127	87	0	18	15	71	164	277	141	710	64	330	664	879	1210	1307	2176	1263	3742	3948	9344	11861	28048	66977	0
LFQ	24	0	0	0	0	0	0	0	0	19	8	61	20	1	0	0	6	60	35	114	73	0	16	13	68	183	259	115	672	68	362	716	872	1176	1253	2253	1354	3847	3969	9657	10953	26899	68539	0
LFQ	25	0	0	0	0	0	0	0	0	20	12	66	18	0	0	0	10	48	35	108	84	0	25	19	88	197	253	119	655	62	326	731	859	1172	1278	2214	1346	3617	3810	9739	10858	26741	69131	0
LFQ	26	0	0	0	0	0	0	0	0	28	24	111	23	0	0	1	10	57	34	105	82	1	21	24	65	224	238	98	639	61	336	749	862	1116	1302	2188	1408	3733	4033	9843	10701	26781	68743	0
LFQ	27	0	0	0	0	0	0	0	1	34	37	102	30	0	1	0	16	76	52	88	83	0	19	15	85	265	241	108	632	64	360	814	857	1121	1307	2248	1506	3738	3795	9807	10517	27113	68509	0
LFQ	28	0	0	0	0	0	0	0	1	36	23	75	13	0	0	0	19	74	64	97	86	1	28	31	92	298	270	163	666	78	338	888	887	1148	1366	2160	1541	3744	3966	10249	10305	27379	67555	0
LFQ	29	0	0	0	0	0	0	0	2	28	42	68	6	0	1	2	23	70	55	69	88	1	23	15	94	282	256	125	591	76	350	981	783	979	1374	2217	1663	3858	4021	10262	10073	28022	67141	0
LFQ	30	0	0	0	0	0	0	0	0	29	45	36	6	0	0	2	25	89	50	60	70	3	27	28	84	311	260	108	591	79	329	1009	855	950	1378	2114	1714	3732	4111	10577	9904	28404	66661	0
LFQ	31	0	0	0	0	0	0	0	2	42	55	42	3	1	0	3	26	83	26	50	78	5	32	29	105	338	261	154	540	83	323	1087	871	935	1453	2047	1928	3650	3931	10783	9745	28266	66664	0
LFQ	32	0	0	0	0	0	0	0	1	37	77	41	0	0	0	2	43	111	39	50	87	5	32	18	101	317	271	141	486	77	342	1099	826	798	1461	1981	2079	3564	3991	10844	9327	28071	67322	0
LFQ	33	0	0	0	0	0	0	0	1	50	85	45	0	2	2	2	42	108	27	50	100	4	47	28	103	350	326	138	490	81	374	1177	916	842	1571	1997	2250	3525	3935	11259	8661	28627	66426	0
LFQ	34	0	0	0	0	0	0	0	0	33	62	11	0	2	1	3	65	95	18	83	78	3	64	18	111	336	416	140	504	84	376	1243	940	755	1654	2021	2492	3401	3968	11541	8994	28325	65804	0
LFQ	35	0	0	0	0	0	0	3	5	51	60	8	1	2	2	1	60	84	14	63	108	3	62	27	90	336	334	154	448	97	339	1315	933	743	1675	2043	2846	3209	4240	11736	8908	28708	64933	0
LFQ	36	0	0	0	0	0	0	1	4	40	75	8	0	0	3	3	63	75	8	55	92	7	54	37	97	358	330	146	482	130	324	1336	925	733	1784	1906	2776	3138	4273	11821	8977	28525	65055	0
LFQ	37	0	0	0	0	0	0	1	6	43	80	2	1	1	2	4	58	69	10	61	95	6	70	40	115	332	329	162	428	101	375	1297	939	738	1864	1734	2920	3097	4148	11826	8911	28692	65084	0
LFQ	38	0	0	0	0	0	0	3	5	28	89	1	0	2	0	7	75	71	8	51	99	6	47	39	104	369	272	159	388	138	340	1262	937	730	1894	1763	2935	2882	4216	11596	8671	28696	65758	0
LFQ	39	0	0	0	0	0	0	3	6	41	72	1	0	4	4	9	68	54	11	56	108	10	55	43	116	306	277	182	440	135	343	1346	955	724	1951	1638	3066	2771	4360	11270	9011	28768	65437	0
LFQ	40	0	0	0	0	0	0	3	5	36	76	0	0	2	6	13	83	56	13	68	86	9	72	38	112	354	277	173	427	153	374	1246	938	768	1949	1615	3186	2899	4321	11384	8675	28796	65428	0
LFQ	41	0	0	0	0	0	0	3	6	30	79	0	0	1	11	15	77	47	7	53	84	4	60	47	153	351	228	209	454	168	375	1262	1024	760	2090	1660	3116	2855	4296	11606	8765	29621	64124	0
LFQ	42	0	0	0	0	0	0	1	8	28	87	0	0	5	5	13	89	45	9	40	102	20	65	53	186	343	219	200	427	199	360	1255	1008	784	2171	1639	3519	2760	4558	11705	8918	29662	63158	0
LFQ	43	0	0	0	0	0	0	6	7	33	68	0	0	5	8	10	81	33	10	52	87	12	63	56	165	348	222	201	434	217	354	1193	957	792	2198	1629	3538	2761	4711	11857	9391	29321	62821	0
LFQ	44	0	0	0	0	0	0	5	14	40	77	0	0	8	19	18	88	17	15	53	85	15	75	56	154	367	180	229	378	244	337	1199	1054	828	2280	1561	3381	2831	4769	11587	9394	29487	62796	0
LFQ	45	0	0	0	0	0	0	4	15	34	71	0	0	5	6	17	79	24	6	44	79	16	91	85	165	345	204	266	422	284	373	1134	1055	860	2280	1612	3332	2930	4816	11828	9348	29984	61827	0
LFQ	46	0	0	0	0	0	0	10	22	82	117	0	2	6	16	27	92	22	26	55	114	16	88	68	199	374	159	285	425	322	388	1045	1118	906	2290	1732	3432	2919	4957	11625	9308	30311	61083	0
LFQ	47	0	0	0	0	0	0	9	26	46	78	0	0	4	23	18	103	16	21	55	99	18	74	80	217	379	145	299	402	422	372	1043	1167	932	2260	1853	3343	3036	5000	11539	9765	30022	60775	0
LFQ	48	0	0	0	0	0	0	12	27	46	69	0	1	5	33	32	72	20	14	56	80	33	81	112	227	369	128	335	429	420	373	966	1240	957	2208	1820	3307	3142	5194	11363	10270	29857	60343	0
LFQ	49	0	0	0	0	0	1	9	24	56	71	0	1	15	19	34	51	19	14	59	91	42	90	100	213	340	128	377	415	458	406	849	1222	1016	2279	1879	3272	3417	5217	10402	11484	29622	59949	0
LFQ	50	0	0	0	0	0	0	9	20	35	66	0	0	8	22	37	48	15	14	71	103	54	86	108	237	308	96	369	392	495	422	912	1214	1090	2337	2052	3264	3628	5331	10423	11670	29131	59574	0
LFQ	51	0	0	0	0	0	0	10	25	42	49	0	2	21	17	29	45	25	18	57	109	44	81	115	225	325	126	397	406	546	437	834	1222	1169	2234	2166	3352	3648	5714	10194	12457	28362	59022	0
LFQ	52	0	0	0	0	0	0	16	23	55	41	2	1	9	26	27	56	15	22	64	94	54	84	128	237	269	79	397	383	590	416	814	1249	1212	2149	2317	3492	4031	5864	9970	12860	28048	58332	0
LFQ	53	0	0	0	0	0	0	12	27	52	36	0	1	11	37	32	32	22	28	66	117	45	87	126	255	245	69	433	362	686	461	814	1293	1312	2147	2496	3570	4186	6293	9932	13176	27438	57449	0
LFQ	54	0	0	0	0	0	0	12	22	63	33	0	2	16	32	47	17	20	22	63	120	57	97	180	275	275	57	500	359	716	491	707	1450	1310	2183	2597	3809	4548	7197	9884	13372	26847	55864	0
LFQ	55	0	0	0	0	0	0	24	38	76	46	0	3	11	49	36	37	17	29	57	112	67	102	196	262	172	165	527	326	741	547	663	1486	1306	2135	2739	4175	4899	7417	10061	13868	25947	54796	0
LFQ	56	0	0	0	0	0	0	18	26	52	31	0	2	13	50	36	26	7	13	73	82	47	79	217	277	151	157	547	347	763	533	702	1506	1393	2074	2981	4422	5154	8463	9743	14580	25317	53158	0
LFQ	57	0	0	0	0	0	0	19	36	104	39	0	2	12	51	49	17	13	18	86	88	74	70	170	240	129	147	604	312	834	571	682	1492	1491	2094	3076	4828	5501	8850	9604	15531	24436	51666	0
LFQ	58	0	0	0	0	0	0	17	22	45	17	0	6	13	55	37	15	14	16	63	83	79	75	204	268	116	147	583	318	819	584	666	1617	1504	2123	3303	5387	6011	9057	9278	16419	23301	50570	0
LFQ	59	0	0	0	0	0	0	15	18	69	17	0	5	6	35	32	9	25	16	71	78	65	93	200	249	117	140	616	307	885	645	706	1606	1531	2123	3705	6029	6595	9544	8960	16992	22853	48376	0
LFQ	60	0	0	0	0	0	0	17	37	84	15	0	3	20	51	45	8	20	18	93	87	80	93	218	227	126	151	683	269	904	691	642	1695	1685	1992	4107	7039	7415	9692	8807	17659	21823	46114	0
LFQ	61	0	0	0	0	0	0	12	33	77	8	1	7	22	53	45	9	16	23	89	83	92	94	240	233	127	176	703	249	893	689	678	1742	1787	2105	4263	7908	7979	10953	8620	17525	21081	43895	0
LFQ	62	0	0	0	0	0	0	7	24	68	6	0	6	12	45	27	7	10	34	87	87	83	89	254	196	114	147	753	267	889	704	742	1764	1726	2115	4402	9161	8521	11892	8369	18352	19871	41589	0
LFQ	63	0	0	0	0	0	1	8	34	65	4	0	5	8	45	31	7	16	19	104	80	81	85	269	211	102	145	780	234	862	734	819	1871	1807	2417	4387	10342	9014	12744	8120	19454	18634	38770	0
LFQ	64	0	0	0	0	0	0	15	38	71	6	0	5	11	64	19	5	14	15	104	74	112	100	278	177	71	142	832	247	925	790	874	1834	1832	2518	4923	11479	9704	13369	7645	20673	17210	36012	0
LFQ	65	0	0	0	0	0	0	12	29	56	1	0	5	13	63	32	7	18	20	105	74	107	83	287	199	86	164	821	228	910	839	883	1869	1922	2529	5302	12976	10185	14481	7061	22090	15620	32995	0
LFQ	66	0	0	0	0	0	0	12	36	65	3	1	8	11	44	41	5	25	15	104	59	140	112	275	185	112	154	958	230	895	930	963	1840	2067	2512	5811	14710	11192	15170	6697	22968	13999	29618	0
LFQ	67	0	0	0	0	0	0	9	45	59	1	0	7	10	49	41	4	10	22	102	56	138	110	259	152	97	185	913	221	820	1041	1004	1977	2072	2721	6208	16138	12157	16360	6198	23525	12465	26688	0
LFQ	68	0	0	0	0	0	1	12	43	51	0	2	6	7	49	22	3	19	24	100	47	112	107	262	167	112	160	943	205	824	1092	1139	1968	2153	2959	6224	18339	12411	17763	5613	23151	11288	24379	0
LFQ	69	0	0	0	0	0	0	10	35	70	0	0	14	9	42	28	2	22	17	101	58	133	116	261	164	109	219	991	276	839	1065	1157	1988	2227	3353	6696	20112	13839	18625	5192	22008	10293	21583	0
LFQ	70	0	0	0	0	0	0	13	29	61	1	2	12	10	50	26	1	12	23	122	46	134	132	248	166	156	181	1044	277	814	1104	1330	2076	2300	3645	6979	22807	14587	19346	4537	21932	8621	18730	0
LFQ	71	0	0	0	0	0	1	20	63	83	0	2	11	9	45	30	4	12	27	116	41	153	106	243	129	166	186	1070	263	788	1146	1349	2204	2401	3737	7738	25117	15527	19909	4291	21017	7557	15888	0
LFQ	72	0	0	0	0	0	0	15	75	89	0	0	10	15	67	32	4	11	29	137	40	157	111	223	140	156	199	1045	276	716	1232	1327	2115	2352	3902	8159	26969	17030	21098	3638	19567	6487	13900	0
LFQ	73	0	0	0	0	0	0	10	43	39	0	1	17	13	51	19	5	15	21	128	36	183	121	216	128	164	235	1125	260	726	1290	1446	2190	2593	3849	8795	29988	17287	21043	3277	18815	5454	11635	0
LFQ	74	0	0	0	0	0	0	17	48	37	0	1	11	12	34	19	7	9	19	120	24	161	109	193	148	142	234	1070	256	609	1441	1357	2249	2596	3864	9617	32117	18472	21163	2887	17666	4659	9710	0
LFQ	75	0	0	0	0	0	2	14	69	55	0	1	24	12	49	26	7	14	25	127	30	166	121	163	139	162	252	1010	265	602	1431	1343	2377	2530	4140	10138	34358	19116	21427	2539	16431	3704	8068	0
LFQ	76	0	0	0	0	0	0	13	45	31	0	4	16	4	44	12	8	11	31	151	30	197	136	172	124	191	262	1033	295	587	1546	1413	2428	2589	4277	10489	37856	19598	20808	2034	15126	2955	6307	0
LFQ	77	0	0	0	0	0	0	17	74	35	0	2	31	12	39	18	9	15	16	136	34	200	124	143	153	201	296	1003	374	557	1609	1507	2360	2686	4509	10941	41129	20243	19483	1761	13671	2309	5002	0
LFQ	78	0	0	0	0	0	1	4	41	19	0	3	21	13	29	12	7	13	40	129	25	244	111	154	164	208	267	950	408	487	1542	1457	2424	2701	4989	11338	44314	20663	18258	1536	12269	1837	3897	0
LFQ	79	0	0	0	0	0	2	12	81	32	0	5	24	13	32	20	11	9	27	145	28	239	132	128	195	220	291	979	452	498	1569	1499	2516	2806	5269	11713	46860	21034	17532	1280	10565	1297	2922	0
LFQ	80	0	0	0	0	0	1	7	56	23	0	8	15	13	36	12	14	11	32	151	31	280	103	116	189	221	338	909	411	487	1607	1506	2543	2820	5383	12415	49587	20971	16702	989	9245	995	2079	0
LFQ	81	0	0	0	0	0	3	5	66	15	0	3	11	14	19	10	15	15	31	131	28	216	92	67	170	250	371	904	405	489	1621	1548	2560	2861	5661	12442	53060	20688	15719	814	7826	629	1421	0
LFQ	82	0	0	0	0	0	7	18	118	31	0	5	28	15	36	21	11	15	33	119	29	247	80	81	168	248	396	874	401	400	1659	1499	2593	2794	5781	13114	55983	20081	14801	616	6369	413	955	0
LFQ	83	0	0	0	0	0	4	5	43	13	0	3	25	18	25	19	7	8	27	124	30	273	97	85	172	236	441	901	411	401	1662	1495	2660	2950	5854	13439	59203	19781	13053	500	5082	279	602	0
LFQ	84	0	0	0	0	0	0	4	59	10	0	6	14	19	17	11	13	9	34	140	41	255	80	57	181	277	486	817	462	394	1727	1565	2645	3011	5855	13765	61158	19879	11712	364	4246	154	355	0
LFQ	85	0	0	0	0	0	1	5	77	10	0	3	18	16	5	19	23	12	45	158	41	274	68	55	181	290	435	818	529	343	1771	1477	2684	2930	6077	14451	63371	19529	10137	283	3226	116	225	0
LFQ	86	0	0	0	0	0	3	6	66	20	0	9	18	16	14	9	17	12	39	127	53	265	70	36	175	266	486	751	528	325	1808	1435	2740	2989	5779	14574	66150	19166	8808	200	2433	46	133	0
LFQ	87	0	0	0	0	0	1	2	69	5	0	9	31	11	11	14	13	15	34	135	67	302	71	41	195	286	534	651	514	342	1770	1534	2636	3021	6441	14573	68322	18150	7709	147	1722	32	72	0
LFQ	88	0	0	0	0	0	1	6	43	1	0	11	10	13	3	13	16	8	51	126	54	273	60	27	217	276	502	627	571	340	1694	1533	2669	3040	6266	15207	70237	17795	6487	90	1061	11	45	0
LFQ	89	0	0	0	0	0	3	2	52	2	0	7	16	13	3	13	11	11	45	130	55	245	42	33	193	295	550	578	622	269	1761	1488	2561	2934	6456	15319	72625	16670	5518	50	657	6	19	0
LFQ	90	0	0	0	0	0	3	4	54	7	0	6	10	23	7	11	19	12	40	122	56	264	31	20	224	303	549	582	651	298	1714	1506	2693	2997	6819	14844	73957	16168	4664	37	423	0	6	0
LFQ	91	0	0	0	0	0	4	2	48	5	0	8	19	16	3	8	24	13	38	94	75	259	39	27	220	301	554	508	652	266	1685	1507	2633	2971	6760	15137	75169	15909	3708	23	321	0	2	0
LFQ	92	0	0	0	0	0	3	2	51	0	0	11	8	19	4	8	22	12	30	127	59	233	28	33	210	285	631	457	664	227	1689	1466	2736	2894	6813	15171	76831	14822	3137	12	169	1	0	0
LFQ	93	0	0	0	0	0	4	3	59	2	0	11	17	16	2	8	28	10	47	116	81	230	21	12	234	293	562	444	700	225	1785	1514	2602	2965	6987	15363	77438	14518	2328	7	93	0	0	0
LFQ	94	0	0	0	0	0	3	2	65	3	0	11	11	15	4	11	39	6	35	136	84	261	12	22	199	341	621	357	646	188	1757	1348	2689	3018	6597	15796	78289	14140	1814	0	59	0	0	0
LFQ	95	0	0	0	0	0	6	5	66	2	0	13	19	5	18	6	35	17	52	113	95	241	17	11	249	295	665	307	684	169	1782	1383	2608	3083	6553	15818	79531	13218	1319	2	24	0	0	0
LFQ	96	0	0	0	0	0	3	4	37	3	0	11	13	3	14	9	29	10	54	104	100	238	21	13	186	314	692	293	702	151	1738	1322	2614	2922	6782	15818	80765	12134	1150	1	10	0	0	0
LFQ	97	0	0	0	0	0	6	2	84	6	0	18	7	2	15	3	35	8	50	155	102	230	15	20	221	376	690	264	786	144	1775	1281	2607	2985	6593	15989	80631	12018	936	0	2	0	0	0
LFQ	98	0	0	0	0	0	7	0	40	2	0	11	3	3	7	5	38	12	51	138	138	216	11	11	240	332	687	219	769	130	1726	1387	2671	2988	6413	16347	81190	11168	845	0	1	0	0	0
LFQ	99	0	0	0	0	0	0	0	0	0	0	0	0	0	1	0	29	8	44	95	85	197	10	12	210	346	661	202	777	126	1708	1413	2603	2995	7083	15269	82327	10789	662	0	0	0	0	0
LFQ	100	0	0	0	0	0	0	0	0	0	0	0	0	0	0	0	0	0	0	0	0	231	10	19	239	372	626	165	801	107	1693	1445	2616	2869	7413	15496	81922	10636	513	0	0	0	0	0
# GC Content of first fragments. Use `grep ^GCF | cut -f 2-` to extract this part.
GCF	0.50	1
GCF	8.79	0
GCF	17.09	1
GCF	18.09	6
GCF	19.10	10
GCF	20.10	15
GCF	20.85	13
GCF	21.36	14
GCF	21.86	32
GCF	22.36	33
GCF	23.12	59
GCF	23.87	102
GCF	24.37	104
GCF	24.87	162
GCF	25.38	164
GCF	25.88	210
GCF	26.38	211
GCF	26.88	406
GCF	27.39	413
GCF	27.89	548
GCF	28.39	551
GCF	28.89	752
GCF	29.40	758
GCF	29.90	1000
GCF	30.40	1001
GCF	30.90	1364
GCF	31.41	1368
GCF	31.91	1828
GCF	32.41	1838
GCF	32.91	2924
GCF	33.42	2934
GCF	33.92	3440
GCF	34.42	3463
GCF	34.92	4747
GCF	35.43	4782
GCF	35.93	4944
GCF	36.43	4961
GCF	36.93	6834
GCF	37.44	6857
GCF	37.94	8420
GCF	38.44	8446
GCF	38.94	9426
GCF	39.45	9432
GCF	39.95	10261
GCF	40.45	10304
GCF	40.95	10403
GCF	41.46	10413
GCF	41.96	10239
GCF	42.46	10265
GCF	42.96	10137
GCF	43.47	10129
GCF	43.97	9246
GCF	44.47	9257
GCF	44.97	8609
GCF	45.48	8591
GCF	45.98	6983
GCF	46.48	6971
GCF	46.98	5527
GCF	47.49	5516
GCF	47.99	4544
GCF	48.49	4518
GCF	48.99	4334
GCF	49.50	4294
GCF	50.00	2275
GCF	50.50	2254
GCF	51.01	2427
GCF	51.51	2389
GCF	52.01	1065
GCF	52.51	1040
GCF	53.02	788
GCF	53.52	762
GCF	54.02	441
GCF	54.52	436
GCF	55.03	221
GCF	55.53	203
GCF	56.03	156
GCF	56.53	142
GCF	57.04	168
GCF	57.54	162
GCF	58.04	111
GCF	58.54	108
GCF	59.05	78
GCF	59.55	69
GCF	60.05	25
GCF	60.55	24
GCF	61.06	22
GCF	61.56	24
GCF	62.06	27
GCF	62.56	26
GCF	63.07	10
GCF	63.57	6
GCF	64.07	4
GCF	64.57	5
GCF	65.08	3
GCF	66.08	1
GCF	67.09	2
GCF	68.09	1
# GC Content of last fragments. Use `grep ^GCL | cut -f 2-` to extract this part.
GCL	4.77	0
GCL	10.05	1
GCL	12.56	0
GCL	15.08	1
GCL	16.08	2
GCL	17.09	6
GCL	18.09	5
GCL	18.84	13
GCL	19.35	14
GCL	19.85	19
GCL	20.35	17
GCL	20.85	20
GCL	21.36	19
GCL	21.86	56
GCL	22.36	58
GCL	23.12	97
GCL	23.87	186
GCL	24.37	188
GCL	24.87	335
GCL	25.38	339
GCL	26.13	429
GCL	26.88	504
GCL	27.39	510
GCL	27.89	613
GCL	28.39	612
GCL	28.89	886
GCL	29.40	888
GCL	29.90	1231
GCL	30.40	1239
GCL	30.90	1640
GCL	31.41	1663
GCL	31.91	2387
GCL	32.41	2391
GCL	32.91	3119
GCL	33.42	3147
GCL	33.92	3918
GCL	34.42	3917
GCL	34.92	4692
GCL	35.43	4712
GCL	35.93	5926
GCL	36.43	5950
GCL	36.93	6969
GCL	37.44	7034
GCL	37.94	8444
GCL	38.44	8476
GCL	38.94	10473
GCL	39.45	10497
GCL	39.95	11843
GCL	40.45	11891
GCL	40.95	11603
GCL	41.46	11619
GCL	41.96	10688
GCL	42.46	10747
GCL	42.96	9969
GCL	43.47	9976
GCL	43.97	9093
GCL	44.47	9051
GCL	44.97	7413
GCL	45.48	7390
GCL	45.98	5641
GCL	46.48	5603
GCL	46.98	4495
GCL	47.49	4462
GCL	47.99	3911
GCL	48.49	3881
GCL	48.99	3123
GCL	49.50	3084
GCL	50.00	2005
GCL	50.50	1978
GCL	51.01	1221
GCL	51.51	1208
GCL	52.01	959
GCL	52.51	929
GCL	53.02	655
GCL	53.52	653
GCL	54.02	393
GCL	54.52	384
GCL	55.03	223
GCL	55.53	208
GCL	56.03	154
GCL	56.53	148
GCL	57.04	128
GCL	57.54	121
GCL	58.04	117
GCL	58.54	114
GCL	59.05	80
GCL	59.55	70
GCL	60.05	41
GCL	60.55	39
GCL	61.31	20
GCL	62.06	19
GCL	62.56	12
GCL	63.07	4
GCL	63.57	2
GCL	64.07	1
GCL	64.57	0
GCL	65.08	1
GCL	65.58	2
GCL	66.33	1
# ACGT content per cycle. Use `grep ^GCC | cut -f 2-` to extract this part. The columns are: cycle; A,C,G,T base counts as a percentage of all A/C/G/T bases [%]; and N and O counts as a percentage of all A/C/G/T bases [%]
GCC	1	23.97	23.71	24.56	27.76	0.00	0.00
GCC	2	22.18	27.22	25.09	25.50	0.00	0.00
GCC	3	23.90	25.24	23.51	27.34	0.00	0.00
GCC	4	21.90	26.79	25.81	25.51	0.00	0.00
GCC	5	20.70	28.20	26.73	24.38	0.00	0.00
GCC	6	23.79	23.96	24.34	27.91	0.00	0.00
GCC	7	28.54	18.68	19.63	33.15	0.00	0.00
GCC	8	29.64	20.04	18.14	32.18	0.00	0.00
GCC	9	30.10	19.53	17.97	32.40	0.00	0.00
GCC	10	29.16	20.65	18.92	31.26	0.00	0.00
GCC	11	27.94	21.63	20.50	29.94	0.00	0.00
GCC	12	29.52	19.57	19.52	31.39	0.00	0.00
GCC	13	28.78	20.49	19.72	31.00	0.00	0.00
GCC	14	27.91	21.91	20.04	30.14	0.00	0.00
GCC	15	29.65	19.64	19.54	31.17	0.00	0.00
GCC	16	28.57	20.79	20.09	30.55	0.00	0.00
GCC	17	28.56	21.12	20.12	30.20	0.00	0.00
GCC	18	30.08	18.81	18.92	32.19	0.00	0.00
GCC	19	29.93	19.36	19.90	30.81	0.00	0.00
GCC	20	29.02	20.69	20.87	29.42	0.00	0.00
GCC	21	31.12	18.81	17.99	32.07	0.00	0.00
GCC	22	29.33	19.72	19.29	31.66	0.00	0.00
GCC	23	28.54	20.71	20.15	30.61	0.00	0.00
GCC	24	30.21	19.22	18.12	32.45	0.00	0.00
GCC	25	29.06	20.27	19.32	31.34	0.00	0.00
GCC	26	28.37	21.08	19.91	30.63	0.00	0.00
GCC	27	31.31	18.66	19.13	30.90	0.00	0.00
GCC	28	29.35	20.13	19.14	31.38	0.00	0.00
GCC	29	27.24	22.10	20.73	29.93	0.00	0.00
GCC	30	28.93	19.50	19.50	32.07	0.00	0.00
GCC	31	28.19	20.56	20.86	30.39	0.00	0.00
GCC	32	27.92	22.21	20.59	29.28	0.00	0.00
GCC	33	30.00	19.14	19.49	31.37	0.00	0.00
GCC	34	29.16	19.84	20.13	30.88	0.00	0.00
GCC	35	27.99	21.55	20.25	30.20	0.00	0.00
GCC	36	30.66	18.90	19.25	31.19	0.00	0.00
GCC	37	29.40	20.27	19.73	30.59	0.00	0.00
GCC	38	28.12	21.75	20.45	29.68	0.00	0.00
GCC	39	29.54	19.50	20.13	30.83	0.00	0.00
GCC	40	29.05	20.43	20.37	30.15	0.00	0.00
GCC	41	28.60	21.78	20.13	29.49	0.00	0.00
GCC	42	30.66	19.71	19.12	30.51	0.00	0.00
GCC	43	29.09	20.49	20.26	30.16	0.00	0.00
GCC	44	28.07	22.08	20.75	29.10	0.00	0.00
GCC	45	30.00	19.49	19.51	30.99	0.00	0.00
GCC	46	28.63	19.71	20.60	31.05	0.00	0.00
GCC	47	27.76	21.74	20.47	30.03	0.00	0.00
GCC	48	30.14	18.51	19.79	31.55	0.00	0.00
GCC	49	28.62	20.43	20.20	30.76	0.00	0.00
GCC	50	27.46	21.59	21.47	29.48	0.00	0.00
GCC	51	29.89	19.59	19.73	30.79	0.00	0.00
GCC	52	28.70	20.59	20.28	30.44	0.00	0.00
GCC	53	27.35	21.66	20.66	30.33	0.00	0.00
GCC	54	29.54	19.45	19.22	31.80	0.00	0.00
GCC	55	28.81	20.44	20.50	30.26	0.00	0.00
GCC	56	27.69	21.40	20.68	30.23	0.00	0.00
GCC	57	30.62	19.28	18.91	31.19	0.00	0.00
GCC	58	29.55	20.31	20.47	29.67	0.00	0.00
GCC	59	27.65	21.64	21.49	29.22	0.00	0.00
GCC	60	30.36	19.01	19.96	30.68	0.00	0.00
GCC	61	29.91	21.09	19.87	29.14	0.00	0.00
GCC	62	28.79	21.21	20.87	29.13	0.00	0.00
GCC	63	30.36	18.96	20.03	30.65	0.00	0.00
GCC	64	28.88	20.25	20.56	30.31	0.00	0.00
GCC	65	27.64	21.74	20.96	29.66	0.00	0.00
GCC	66	28.98	19.85	19.66	31.51	0.00	0.00
GCC	67	28.19	21.01	20.24	30.56	0.00	0.00
GCC	68	27.88	21.97	20.35	29.80	0.00	0.00
GCC	69	30.14	20.18	19.51	30.17	0.00	0.00
GCC	70	29.62	20.34	19.83	30.21	0.00	0.00
GCC	71	28.48	21.37	20.47	29.68	0.00	0.00
GCC	72	30.27	18.67	20.20	30.86	0.00	0.00
GCC	73	29.20	20.34	19.73	30.72	0.00	0.00
GCC	74	28.91	21.24	20.25	29.59	0.00	0.00
GCC	75	29.77	19.53	19.02	31.68	0.00	0.00
GCC	76	28.75	20.54	19.95	30.76	0.00	0.00
GCC	77	28.53	21.82	19.95	29.70	0.00	0.00
GCC	78	30.46	19.36	19.30	30.88	0.00	0.00
GCC	79	29.71	20.08	20.21	30.00	0.00	0.00
GCC	80	29.07	21.15	20.42	29.35	0.00	0.00
GCC	81	30.32	19.26	19.48	30.94	0.00	0.00
GCC	82	29.61	20.43	20.03	29.93	0.00	0.00
GCC	83	28.56	21.04	20.83	29.58	0.00	0.00
GCC	84	30.49	19.00	19.23	31.27	0.00	0.00
GCC	85	29.63	20.09	19.73	30.55	0.00	0.00
GCC	86	28.57	21.64	20.41	29.37	0.00	0.00
GCC	87	29.38	19.31	19.81	31.50	0.00	0.00
GCC	88	28.55	20.01	20.50	30.94	0.00	0.00
GCC	89	27.68	21.63	20.64	30.05	0.00	0.00
GCC	90	29.75	19.13	20.08	31.05	0.00	0.00
GCC	91	28.74	20.81	20.74	29.70	0.00	0.00
GCC	92	27.38	22.26	20.57	29.79	0.00	0.00
GCC	93	30.11	19.24	19.64	31.02	0.00	0.00
GCC	94	28.64	20.68	19.68	31.00	0.00	0.00
GCC	95	27.57	22.24	21.64	28.55	0.00	0.00
GCC	96	29.11	19.99	19.96	30.95	0.00	0.00
GCC	97	29.31	20.19	19.98	30.52	0.00	0.00
GCC	98	28.29	21.63	20.58	29.49	0.00	0.00
GCC	99	29.12	20.15	20.41	30.31	0.00	0.00
GCC	100	27.46	21.63	21.36	29.55	0.00	0.00
# ACGT content per cycle, read oriented. Use `grep ^GCT | cut -f 2-` to extract this part. The columns are: cycle; A,C,G,T base counts as a percentage of all A/C/G/T bases [%]
GCT	1	22.55	22.13	26.14	29.19
GCT	2	21.05	29.55	22.77	26.63
GCT	3	21.53	25.77	22.99	29.71
GCT	4	20.81	27.79	24.81	26.59
GCT	5	21.37	30.04	24.89	23.71
GCT	6	25.01	23.50	24.80	26.69
GCT	7	27.00	17.08	21.22	34.69
GCT	8	25.52	16.92	21.26	36.30
GCT	9	29.06	14.98	22.51	33.44
GCT	10	29.75	15.15	24.42	30.68
GCT	11	27.60	19.56	22.57	30.27
GCT	12	28.84	16.72	22.36	32.07
GCT	13	29.34	17.60	22.61	30.44
GCT	14	28.47	20.15	21.79	29.58
GCT	15	30.25	17.74	21.44	30.58
GCT	16	29.60	18.74	22.14	29.52
GCT	17	28.72	21.38	19.86	30.04
GCT	18	30.87	17.90	19.82	31.40
GCT	19	30.01	18.52	20.75	30.73
GCT	20	27.63	21.37	20.19	30.81
GCT	21	30.57	17.71	19.09	32.62
GCT	22	30.26	18.91	20.11	30.73
GCT	23	28.72	21.81	19.04	30.43
GCT	24	30.30	17.71	19.63	32.36
GCT	25	29.59	18.40	21.19	30.82
GCT	26	28.83	21.57	19.43	30.18
GCT	27	30.42	18.22	19.56	31.80
GCT	28	30.13	19.02	20.25	30.60
GCT	29	28.61	22.65	20.17	28.56
GCT	30	31.11	19.62	19.38	29.89
GCT	31	29.34	20.35	21.07	29.24
GCT	32	28.01	22.00	20.80	29.19
GCT	33	30.76	18.63	20.00	30.61
GCT	34	31.10	18.78	21.19	28.93
GCT	35	29.01	22.19	19.62	29.19
GCT	36	30.98	19.04	19.11	30.88
GCT	37	30.61	19.12	20.89	29.38
GCT	38	28.97	22.22	19.98	28.83
GCT	39	30.14	19.79	19.84	30.23
GCT	40	30.00	19.95	20.85	29.20
GCT	41	28.97	21.24	20.67	29.12
GCT	42	30.13	19.21	19.62	31.05
GCT	43	29.37	19.68	21.07	29.88
GCT	44	28.23	22.93	19.91	28.94
GCT	45	30.47	18.38	20.62	30.52
GCT	46	30.79	18.95	21.37	28.89
GCT	47	28.48	21.78	20.43	29.31
GCT	48	30.42	18.76	19.55	31.27
GCT	49	29.28	19.04	21.59	30.09
GCT	50	27.79	22.98	20.07	29.15
GCT	51	30.00	20.09	19.23	30.68
GCT	52	29.79	19.26	21.60	29.35
GCT	53	28.04	21.74	20.58	29.64
GCT	54	30.50	19.32	19.34	30.84
GCT	55	29.81	20.21	20.72	29.25
GCT	56	28.84	22.10	19.98	29.08
GCT	57	30.24	18.53	19.65	31.57
GCT	58	29.79	19.39	21.38	29.43
GCT	59	28.02	22.74	20.40	28.84
GCT	60	31.00	19.11	19.85	30.04
GCT	61	29.99	19.29	21.67	29.05
GCT	62	29.28	22.34	19.75	28.63
GCT	63	31.94	19.04	19.96	29.07
GCT	64	30.11	19.23	21.58	29.07
GCT	65	28.08	22.69	20.00	29.22
GCT	66	30.70	18.94	20.57	29.80
GCT	67	30.00	19.61	21.64	28.75
GCT	68	28.50	22.17	20.16	29.18
GCT	69	31.14	18.77	20.92	29.16
GCT	70	30.24	18.34	21.83	29.60
GCT	71	28.53	22.31	19.53	29.63
GCT	72	31.59	19.46	19.41	29.53
GCT	73	29.84	19.22	20.86	30.09
GCT	74	29.05	21.66	19.83	29.46
GCT	75	30.92	18.71	19.85	30.52
GCT	76	30.05	19.36	21.13	29.46
GCT	77	28.95	21.74	20.03	29.28
GCT	78	31.44	18.96	19.70	29.90
GCT	79	30.17	19.57	20.72	29.55
GCT	80	29.24	22.35	19.22	29.19
GCT	81	31.50	18.80	19.94	29.76
GCT	82	30.39	19.54	20.92	29.15
GCT	83	29.28	22.45	19.41	28.85
GCT	84	31.29	18.73	19.50	30.47
GCT	85	30.30	19.08	20.73	29.89
GCT	86	28.93	22.04	20.02	29.01
GCT	87	30.46	19.29	19.82	30.42
GCT	88	30.31	20.19	20.33	29.18
GCT	89	29.41	22.38	19.88	28.33
GCT	90	31.39	19.06	20.14	29.40
GCT	91	29.99	20.30	21.25	28.45
GCT	92	28.97	22.01	20.82	28.20
GCT	93	31.49	19.01	19.87	29.63
GCT	94	31.46	19.19	21.17	28.18
GCT	95	29.89	23.07	20.81	26.24
GCT	96	33.11	18.89	21.06	26.95
GCT	97	31.98	18.41	21.76	27.86
GCT	98	30.24	22.07	20.14	27.55
GCT	99	31.37	19.22	21.35	28.07
GCT	100	30.10	19.08	23.91	26.91
# ACGT content per cycle for first fragments. Use `grep ^FBC | cut -f 2-` to extract this part. The columns are: cycle; A,C,G,T base counts as a percentage of all A/C/G/T bases [%]; and N and O counts as a percentage of all A/C/G/T bases [%]
FBC	1	26.90	21.49	22.25	29.36	0.00	0.00
FBC	2	25.33	23.26	22.72	28.70	0.00	0.00
FBC	3	23.93	25.11	24.35	26.61	0.00	0.00
FBC	4	22.95	25.40	25.55	26.10	0.00	0.00
FBC	5	22.37	25.76	25.62	26.26	0.00	0.00
FBC	6	24.34	24.39	24.30	26.97	0.00	0.00
FBC	7	24.43	24.84	24.72	26.01	0.00	0.00
FBC	8	27.02	24.35	21.36	27.27	0.00	0.00
FBC	9	27.06	24.28	20.47	28.18	0.00	0.00
FBC	10	26.10	24.52	22.29	27.09	0.00	0.00
FBC	11	26.40	24.07	22.58	26.95	0.00	0.00
FBC	12	27.95	23.11	21.53	27.42	0.00	0.00
FBC	13	26.90	23.81	21.42	27.88	0.00	0.00
FBC	14	26.88	22.75	20.94	29.43	0.00	0.00
FBC	15	28.71	20.96	20.75	29.57	0.00	0.00
FBC	16	27.20	22.81	21.56	28.42	0.00	0.00
FBC	17	28.48	21.01	20.01	30.49	0.00	0.00
FBC	18	29.27	20.19	20.14	30.40	0.00	0.00
FBC	19	28.64	20.78	19.94	30.64	0.00	0.00
FBC	20	29.04	20.04	21.19	29.73	0.00	0.00
FBC	21	29.45	20.06	18.56	31.92	0.00	0.00
FBC	22	28.43	20.47	20.09	31.00	0.00	0.00
FBC	23	29.59	20.12	20.57	29.72	0.00	0.00
FBC	24	30.11	20.53	18.47	30.90	0.00	0.00
FBC	25	29.02	21.00	19.69	30.29	0.00	0.00
FBC	26	30.05	20.44	19.71	29.79	0.00	0.00
FBC	27	30.80	19.34	19.30	30.55	0.00	0.00
FBC	28	28.89	20.38	19.62	31.11	0.00	0.00
FBC	29	28.23	20.46	19.81	31.50	0.00	0.00
FBC	30	28.89	19.90	19.12	32.10	0.00	0.00
FBC	31	28.03	20.43	20.23	31.31	0.00	0.00
FBC	32	29.16	20.88	19.69	30.27	0.00	0.00
FBC	33	29.17	20.11	19.12	31.61	0.00	0.00
FBC	34	28.06	20.45	20.51	30.98	0.00	0.00
FBC	35	28.50	20.28	20.41	30.81	0.00	0.00
FBC	36	30.90	19.22	19.33	30.55	0.00	0.00
FBC	37	28.95	20.78	19.80	30.47	0.00	0.00
FBC	38	28.30	20.11	20.46	31.13	0.00	0.00
FBC	39	28.90	20.44	20.18	30.48	0.00	0.00
FBC	40	28.43	20.42	21.59	29.56	0.00	0.00
FBC	41	29.79	19.90	19.82	30.49	0.00	0.00
FBC	42	31.08	19.44	19.22	30.26	0.00	0.00
FBC	43	28.64	21.15	20.68	29.53	0.00	0.00
FBC	44	29.25	21.44	19.79	29.52	0.00	0.00
FBC	45	29.96	19.88	19.55	30.60	0.00	0.00
FBC	46	28.17	20.47	20.51	30.85	0.00	0.00
FBC	47	28.54	20.72	19.64	31.10	0.00	0.00
FBC	48	29.94	19.36	20.00	30.70	0.00	0.00
FBC	49	28.24	20.64	20.13	30.98	0.00	0.00
FBC	50	28.65	20.61	20.66	30.09	0.00	0.00
FBC	51	30.20	20.15	19.81	29.85	0.00	0.00
FBC	52	28.14	20.95	21.15	29.75	0.00	0.00
FBC	53	28.35	20.60	20.31	30.74	0.00	0.00
FBC	54	28.58	19.89	19.79	31.74	0.00	0.00
FBC	55	29.05	20.28	20.52	30.14	0.00	0.00
FBC	56	28.37	20.55	20.12	30.96	0.00	0.00
FBC	57	29.73	20.19	19.26	30.82	0.00	0.00
FBC	58	27.91	20.82	20.93	30.33	0.00	0.00
FBC	59	28.85	20.67	20.89	29.59	0.00	0.00
FBC	60	29.35	19.59	20.38	30.69	0.00	0.00
FBC	61	28.77	21.39	19.90	29.93	0.00	0.00
FBC	62	29.27	20.07	20.63	30.03	0.00	0.00
FBC	63	29.08	19.87	20.18	30.87	0.00	0.00
FBC	64	28.15	21.46	20.03	30.37	0.00	0.00
FBC	65	29.71	20.16	20.48	29.64	0.00	0.00
FBC	66	28.94	20.29	19.84	30.93	0.00	0.00
FBC	67	27.73	21.93	19.60	30.74	0.00	0.00
FBC	68	29.25	20.75	19.85	30.16	0.00	0.00
FBC	69	29.51	20.92	19.17	30.41	0.00	0.00
FBC	70	28.95	20.86	19.64	30.56	0.00	0.00
FBC	71	29.29	20.58	20.26	29.86	0.00	0.00
FBC	72	29.29	19.57	20.37	30.77	0.00	0.00
FBC	73	28.98	20.82	19.70	30.50	0.00	0.00
FBC	74	29.69	20.20	20.11	30.01	0.00	0.00
FBC	75	29.51	20.53	19.19	30.77	0.00	0.00
FBC	76	28.43	20.46	20.78	30.32	0.00	0.00
FBC	77	30.26	20.28	19.48	29.98	0.00	0.00
FBC	78	29.69	20.10	19.59	30.62	0.00	0.00
FBC	79	29.00	20.49	20.87	29.65	0.00	0.00
FBC	80	29.79	20.09	19.74	30.38	0.00	0.00
FBC	81	29.96	19.61	20.09	30.34	0.00	0.00
FBC	82	28.91	20.74	19.63	30.71	0.00	0.00
FBC	83	29.35	19.64	20.26	30.75	0.00	0.00
FBC	84	29.60	18.98	19.80	31.61	0.00	0.00
FBC	85	28.66	20.78	19.74	30.83	0.00	0.00
FBC	86	29.49	19.58	20.02	30.91	0.00	0.00
FBC	87	29.10	19.81	19.71	31.38	0.00	0.00
FBC	88	28.61	19.78	20.36	31.25	0.00	0.00
FBC	89	28.95	19.81	20.04	31.20	0.00	0.00
FBC	90	29.61	19.36	19.71	31.33	0.00	0.00
FBC	91	28.67	20.62	20.28	30.42	0.00	0.00
FBC	92	27.83	21.38	19.22	31.57	0.00	0.00
FBC	93	29.28	19.82	20.45	30.44	0.00	0.00
FBC	94	28.58	20.40	19.95	31.06	0.00	0.00
FBC	95	28.16	20.74	20.53	30.57	0.00	0.00
FBC	96	29.15	20.41	19.71	30.72	0.00	0.00
FBC	97	29.72	20.02	19.36	30.89	0.00	0.00
FBC	98	29.52	20.47	19.91	30.11	0.00	0.00
FBC	99	28.97	20.33	20.07	30.63	0.00	0.00
FBC	100	27.79	22.34	21.05	28.83	0.00	0.00
# ACGT raw counters for first fragments. Use `grep ^FTC | cut -f 2-` to extract this part. The columns are: A,C,G,T,N base counters
FTC	3783266	2771739	2706587	3988040	4
# ACGT content per cycle for last fragments. Use `grep ^LBC | cut -f 2-` to extract this part. The columns are: cycle; A,C,G,T base counts as a percentage of all A/C/G/T bases [%]; and N and O counts as a percentage of all A/C/G/T bases [%]
LBC	1	21.04	25.93	26.87	26.16	0.00	0.00
LBC	2	19.03	31.19	27.47	22.31	0.00	0.00
LBC	3	23.88	25.37	22.68	28.08	0.00	0.00
LBC	4	20.84	28.18	26.07	24.91	0.00	0.00
LBC	5	19.03	30.63	27.84	22.50	0.00	0.00
LBC	6	23.25	23.54	24.37	28.84	0.00	0.00
LBC	7	32.66	12.52	14.53	40.30	0.00	0.00
LBC	8	32.26	15.73	14.92	37.09	0.00	0.00
LBC	9	33.13	14.78	15.47	36.62	0.00	0.00
LBC	10	32.22	16.78	15.56	35.44	0.00	0.00
LBC	11	29.47	19.19	18.42	32.92	0.00	0.00
LBC	12	31.10	16.04	17.50	35.36	0.00	0.00
LBC	13	30.67	17.18	18.03	34.12	0.00	0.00
LBC	14	28.95	21.06	19.13	30.86	0.00	0.00
LBC	15	30.58	18.32	18.33	32.77	0.00	0.00
LBC	16	29.94	18.76	18.62	32.68	0.00	0.00
LBC	17	28.64	21.23	20.24	29.90	0.00	0.00
LBC	18	30.90	17.43	17.69	33.98	0.00	0.00
LBC	19	31.22	17.95	19.86	30.97	0.00	0.00
LBC	20	29.01	21.33	20.55	29.10	0.00	0.00
LBC	21	32.78	17.56	17.43	32.23	0.00	0.00
LBC	22	30.23	18.98	18.49	32.31	0.00	0.00
LBC	23	27.48	21.29	19.73	31.49	0.00	0.00
LBC	24	30.31	17.92	17.76	34.01	0.00	0.00
LBC	25	29.11	19.53	18.96	32.40	0.00	0.00
LBC	26	26.69	21.72	20.12	31.46	0.00	0.00
LBC	27	31.82	17.97	18.96	31.25	0.00	0.00
LBC	28	29.81	19.88	18.66	31.64	0.00	0.00
LBC	29	26.24	23.74	21.64	28.37	0.00	0.00
LBC	30	28.98	19.10	19.89	32.04	0.00	0.00
LBC	31	28.35	20.70	21.48	29.48	0.00	0.00
LBC	32	26.68	23.53	21.49	28.30	0.00	0.00
LBC	33	30.83	18.18	19.85	31.14	0.00	0.00
LBC	34	30.25	19.22	19.76	30.77	0.00	0.00
LBC	35	27.49	22.82	20.10	29.59	0.00	0.00
LBC	36	30.42	18.58	19.17	31.82	0.00	0.00
LBC	37	29.85	19.77	19.67	30.72	0.00	0.00
LBC	38	27.93	23.39	20.44	28.24	0.00	0.00
LBC	39	30.17	18.57	20.08	31.18	0.00	0.00
LBC	40	29.67	20.44	19.14	30.75	0.00	0.00
LBC	41	27.40	23.67	20.43	28.50	0.00	0.00
LBC	42	30.25	19.97	19.01	30.77	0.00	0.00
LBC	43	29.55	19.82	19.85	30.78	0.00	0.00
LBC	44	26.88	22.72	21.71	28.68	0.00	0.00
LBC	45	30.04	19.10	19.47	31.38	0.00	0.00
LBC	46	29.09	18.96	20.70	31.25	0.00	0.00
LBC	47	26.99	22.77	21.29	28.96	0.00	0.00
LBC	48	30.34	17.66	19.59	32.40	0.00	0.00
LBC	49	28.99	20.21	20.27	30.53	0.00	0.00
LBC	50	26.27	22.57	22.28	28.88	0.00	0.00
LBC	51	29.59	19.04	19.65	31.73	0.00	0.00
LBC	52	29.26	20.22	19.40	31.12	0.00	0.00
LBC	53	26.34	22.71	21.02	29.93	0.00	0.00
LBC	54	30.50	19.00	18.64	31.86	0.00	0.00
LBC	55	28.57	20.59	20.47	30.37	0.00	0.00
LBC	56	27.02	22.25	21.24	29.49	0.00	0.00
LBC	57	31.51	18.36	18.57	31.57	0.00	0.00
LBC	58	31.19	19.79	20.01	29.02	0.00	0.00
LBC	59	26.44	22.62	22.10	28.84	0.00	0.00
LBC	60	31.37	18.42	19.54	30.67	0.00	0.00
LBC	61	31.05	20.79	19.83	28.34	0.00	0.00
LBC	62	28.30	22.36	21.11	28.22	0.00	0.00
LBC	63	31.65	18.06	19.88	30.42	0.00	0.00
LBC	64	29.62	19.05	21.09	30.24	0.00	0.00
LBC	65	25.57	23.32	21.44	29.67	0.00	0.00
LBC	66	29.03	19.41	19.47	32.10	0.00	0.00
LBC	67	28.65	20.09	20.89	30.37	0.00	0.00
LBC	68	26.51	23.21	20.85	29.43	0.00	0.00
LBC	69	30.78	19.45	19.85	29.92	0.00	0.00
LBC	70	30.29	19.81	20.03	29.87	0.00	0.00
LBC	71	27.66	22.17	20.67	29.50	0.00	0.00
LBC	72	31.25	17.77	20.04	30.94	0.00	0.00
LBC	73	29.42	19.87	19.76	30.94	0.00	0.00
LBC	74	28.14	22.29	20.40	29.17	0.00	0.00
LBC	75	30.03	18.53	18.85	32.59	0.00	0.00
LBC	76	29.07	20.61	19.12	31.20	0.00	0.00
LBC	77	26.79	23.37	20.42	29.42	0.00	0.00
LBC	78	31.24	18.62	19.00	31.14	0.00	0.00
LBC	79	30.43	19.67	19.54	30.36	0.00	0.00
LBC	80	28.34	22.22	21.11	28.32	0.00	0.00
LBC	81	30.68	18.90	18.87	31.55	0.00	0.00
LBC	82	30.31	20.12	20.44	29.13	0.00	0.00
LBC	83	27.76	22.45	21.39	28.40	0.00	0.00
LBC	84	31.39	19.01	18.67	30.93	0.00	0.00
LBC	85	30.60	19.39	19.73	30.28	0.00	0.00
LBC	86	27.65	23.71	20.81	27.83	0.00	0.00
LBC	87	29.67	18.80	19.91	31.62	0.00	0.00
LBC	88	28.50	20.24	20.65	30.62	0.00	0.00
LBC	89	26.41	23.46	21.23	28.90	0.00	0.00
LBC	90	29.89	18.89	20.45	30.76	0.00	0.00
LBC	91	28.81	21.01	21.20	28.98	0.00	0.00
LBC	92	26.93	23.15	21.93	27.99	0.00	0.00
LBC	93	30.94	18.65	18.81	31.59	0.00	0.00
LBC	94	28.69	20.97	19.40	30.94	0.00	0.00
LBC	95	26.97	23.75	22.76	26.52	0.00	0.00
LBC	96	29.06	19.57	20.20	31.18	0.00	0.00
LBC	97	28.90	20.35	20.60	30.14	0.00	0.00
LBC	98	27.05	22.81	21.27	28.87	0.00	0.00
LBC	99	29.28	19.97	20.76	29.99	0.00	0.00
LBC	100	27.13	20.92	21.67	30.27	0.00	0.00
# ACGT raw counters for last fragments. Use `grep ^LTC | cut -f 2-` to extract this part. The columns are: A,C,G,T,N base counters
LTC	3808771	2714323	2665370	4032575	0
# Insert sizes. Use `grep ^IS | cut -f 2-` to extract this part. The columns are: insert size, pairs total, inward oriented pairs, outward oriented pairs, other pairs
IS	0	0	0	0	0
IS	1	0	0	0	0
IS	2	1	0	1	0
IS	3	0	0	0	0
IS	4	0	0	0	0
IS	5	2	0	2	0
IS	6	2	0	2	0
IS	7	0	0	0	0
IS	8	0	0	0	0
IS	9	1	0	1	0
IS	10	2	0	2	0
IS	11	1	0	1	0
IS	12	1	0	1	0
IS	13	2	0	2	0
IS	14	0	0	0	0
IS	15	0	0	0	0
IS	16	0	0	0	0
IS	17	0	0	0	0
IS	18	2	0	2	0
IS	19	8	1	7	0
IS	20	11	2	9	0
IS	21	19	4	15	0
IS	22	16	6	10	0
IS	23	23	5	18	0
IS	24	24	3	21	0
IS	25	28	8	20	0
IS	26	31	11	20	0
IS	27	45	11	34	0
IS	28	54	17	37	0
IS	29	54	14	40	0
IS	30	61	16	45	0
IS	31	55	23	32	0
IS	32	71	28	43	0
IS	33	60	17	43	0
IS	34	60	16	44	0
IS	35	80	20	60	0
IS	36	94	23	71	0
IS	37	62	30	32	0
IS	38	79	29	50	0
IS	39	88	23	65	0
IS	40	75	19	56	0
IS	41	77	18	58	1
IS	42	82	23	59	0
IS	43	117	35	82	0
IS	44	120	39	81	0
IS	45	93	32	61	0
IS	46	65	20	45	0
IS	47	96	36	60	0
IS	48	85	30	55	0
IS	49	91	25	66	0
IS	50	96	32	64	0
IS	51	112	30	82	0
IS	52	107	37	70	0
IS	53	111	41	70	0
IS	54	114	32	82	0
IS	55	122	35	87	0
IS	56	108	31	77	0
IS	57	118	37	81	0
IS	58	107	40	67	0
IS	59	88	32	56	0
IS	60	150	50	100	0
IS	61	150	49	101	0
IS	62	153	58	95	0
IS	63	149	42	107	0
IS	64	103	30	73	0
IS	65	89	30	59	0
IS	66	116	42	74	0
IS	67	90	33	57	0
IS	68	114	36	78	0
IS	69	91	24	67	0
IS	70	87	30	57	0
IS	71	91	31	60	0
IS	72	89	37	52	0
IS	73	84	33	51	0
IS	74	73	26	47	0
IS	75	56	19	37	0
IS	76	67	19	48	0
IS	77	41	24	17	0
IS	78	49	27	22	0
IS	79	52	21	31	0
IS	80	58	33	25	0
IS	81	37	25	12	0
IS	82	28	19	9	0
IS	83	30	22	8	0
IS	84	34	25	9	0
IS	85	31	20	11	0
IS	86	37	20	17	0
IS	87	49	25	24	0
IS	88	121	33	88	0
IS	89	158	49	109	0
IS	90	218	56	162	0
IS	91	408	141	267	0
IS	92	343	137	206	0
IS	93	1978	641	1337	0
IS	94	1980	630	1350	0
IS	95	2151	632	1519	0
IS	96	2028	609	1419	0
IS	97	1983	584	1399	0
IS	98	2033	533	1500	0
IS	99	2008	381	1627	0
IS	100	1818	814	1004	0
IS	101	2005	1995	10	0
IS	102	1783	1781	2	0
IS	103	1774	1774	0	0
IS	104	2039	2039	0	0
IS	105	1777	1777	0	0
IS	106	1756	1756	0	0
IS	107	1669	1669	0	0
IS	108	1610	1610	0	0
IS	109	1583	1583	0	0
IS	110	1670	1670	0	0
IS	111	1566	1566	0	0
IS	112	1588	1588	0	0
IS	113	1615	1615	0	0
IS	114	1463	1463	0	0
IS	115	1638	1638	0	0
IS	116	1501	1501	0	0
IS	117	1586	1586	0	0
IS	118	1594	1594	0	0
IS	119	1522	1522	0	0
IS	120	1578	1578	0	0
IS	121	1461	1461	0	0
IS	122	1424	1424	0	0
IS	123	1316	1316	0	0
IS	124	1339	1339	0	0
IS	125	1333	1333	0	0
IS	126	1375	1375	0	0
IS	127	1243	1243	0	0
IS	128	1280	1280	0	0
IS	129	1201	1201	0	0
IS	130	1279	1279	0	0
IS	131	1428	1428	0	0
IS	132	1188	1188	0	0
IS	133	1190	1190	0	0
IS	134	1114	1114	0	0
IS	135	1068	1068	0	0
IS	136	940	940	0	0
IS	137	1080	1080	0	0
IS	138	989	989	0	0
IS	139	962	962	0	0
IS	140	980	980	0	0
IS	141	1027	1027	0	0
IS	142	1144	1144	0	0
IS	143	895	895	0	0
IS	144	885	885	0	0
IS	145	947	947	0	0
IS	146	1038	1038	0	0
IS	147	1021	1021	0	0
IS	148	933	933	0	0
IS	149	930	929	0	1
IS	150	846	846	0	0
IS	151	816	816	0	0
IS	152	846	846	0	0
IS	153	782	782	0	0
IS	154	802	802	0	0
IS	155	864	864	0	0
IS	156	728	728	0	0
IS	157	696	696	0	0
IS	158	708	708	0	0
IS	159	742	742	0	0
IS	160	685	685	0	0
IS	161	639	639	0	0
IS	162	623	623	0	0
IS	163	663	663	0	0
IS	164	562	562	0	0
IS	165	596	596	0	0
IS	166	539	539	0	0
IS	167	581	581	0	0
IS	168	574	574	0	0
IS	169	529	529	0	0
IS	170	514	514	0	0
IS	171	525	525	0	0
IS	172	506	506	0	0
IS	173	494	494	0	0
IS	174	444	444	0	0
IS	175	444	444	0	0
IS	176	511	511	0	0
IS	177	492	492	0	0
IS	178	451	451	0	0
IS	179	471	471	0	0
IS	180	465	465	0	0
IS	181	516	516	0	0
IS	182	421	421	0	0
IS	183	424	424	0	0
IS	184	419	419	0	0
IS	185	379	379	0	0
IS	186	385	385	0	0
IS	187	372	372	0	0
IS	188	469	469	0	0
IS	189	330	330	0	0
IS	190	360	360	0	0
IS	191	362	362	0	0
IS	192	359	359	0	0
IS	193	366	366	0	0
IS	194	335	335	0	0
IS	195	283	283	0	0
IS	196	323	323	0	0
IS	197	304	304	0	0
IS	198	290	290	0	0
IS	199	247	247	0	0
IS	200	285	285	0	0
IS	201	248	248	0	0
IS	202	259	259	0	0
IS	203	292	292	0	0
IS	204	296	296	0	0
IS	205	247	247	0	0
IS	206	260	260	0	0
IS	207	239	239	0	0
IS	208	229	229	0	0
IS	209	261	261	0	0
IS	210	234	234	0	0
IS	211	256	256	0	0
IS	212	255	255	0	0
IS	213	218	218	0	0
IS	214	216	216	0	0
IS	215	229	229	0	0
IS	216	208	208	0	0
IS	217	247	247	0	0
IS	218	209	209	0	0
IS	219	193	193	0	0
IS	220	222	222	0	0
IS	221	237	237	0	0
IS	222	198	198	0	0
IS	223	166	166	0	0
IS	224	190	190	0	0
IS	225	193	193	0	0
IS	226	191	191	0	0
IS	227	162	162	0	0
IS	228	169	169	0	0
IS	229	134	134	0	0
IS	230	184	184	0	0
IS	231	152	152	0	0
IS	232	174	174	0	0
IS	233	145	145	0	0
IS	234	165	165	0	0
IS	235	150	150	0	0
IS	236	141	141	0	0
IS	237	139	139	0	0
IS	238	134	134	0	0
IS	239	130	130	0	0
IS	240	126	126	0	0
IS	241	141	141	0	0
IS	242	137	137	0	0
IS	243	137	137	0	0
IS	244	151	151	0	0
IS	245	140	140	0	0
IS	246	113	113	0	0
IS	247	108	108	0	0
IS	248	110	110	0	0
IS	249	116	116	0	0
IS	250	98	98	0	0
IS	251	109	109	0	0
IS	252	122	122	0	0
IS	253	89	89	0	0
IS	254	120	120	0	0
IS	255	103	103	0	0
IS	256	107	107	0	0
IS	257	96	96	0	0
IS	258	75	75	0	0
IS	259	92	92	0	0
IS	260	92	92	0	0
IS	261	92	92	0	0
IS	262	88	88	0	0
IS	263	91	91	0	0
IS	264	98	98	0	0
IS	265	83	83	0	0
IS	266	95	95	0	0
IS	267	94	94	0	0
IS	268	103	103	0	0
IS	269	111	111	0	0
IS	270	93	93	0	0
IS	271	99	99	0	0
IS	272	72	72	0	0
IS	273	88	88	0	0
IS	274	69	69	0	0
IS	275	95	95	0	0
IS	276	71	71	0	0
IS	277	96	96	0	0
IS	278	76	76	0	0
IS	279	92	92	0	0
IS	280	61	61	0	0
IS	281	72	72	0	0
IS	282	65	65	0	0
IS	283	63	63	0	0
IS	284	64	64	0	0
IS	285	76	76	0	0
IS	286	62	62	0	0
IS	287	69	69	0	0
IS	288	63	63	0	0
IS	289	66	66	0	0
IS	290	84	84	0	0
IS	291	61	61	0	0
IS	292	58	58	0	0
IS	293	63	63	0	0
IS	294	72	72	0	0
IS	295	57	57	0	0
IS	296	53	53	0	0
IS	297	70	70	0	0
IS	298	55	55	0	0
IS	299	65	65	0	0
IS	300	57	57	0	0
IS	301	62	62	0	0
IS	302	42	42	0	0
IS	303	37	37	0	0
IS	304	40	40	0	0
IS	305	55	55	0	0
IS	306	64	64	0	0
IS	307	40	40	0	0
IS	308	49	49	0	0
IS	309	57	57	0	0
IS	310	60	60	0	0
IS	311	40	40	0	0
IS	312	48	48	0	0
IS	313	34	34	0	0
IS	314	51	51	0	0
IS	315	46	46	0	0
IS	316	29	29	0	0
IS	317	48	48	0	0
IS	318	38	37	0	1
IS	319	34	34	0	0
IS	320	34	34	0	0
IS	321	36	36	0	0
IS	322	35	35	0	0
IS	323	38	38	0	0
IS	324	48	48	0	0
IS	325	38	38	0	0
IS	326	51	51	0	0
IS	327	40	40	0	0
IS	328	23	23	0	0
IS	329	34	34	0	0
IS	330	36	36	0	0
IS	331	42	42	0	0
IS	332	38	38	0	0
IS	333	45	45	0	0
IS	334	35	35	0	0
IS	335	38	38	0	0
IS	336	30	30	0	0
IS	337	32	32	0	0
IS	338	21	21	0	0
IS	339	29	29	0	0
IS	340	42	42	0	0
IS	341	39	39	0	0
IS	342	33	33	0	0
IS	343	28	28	0	0
IS	344	29	29	0	0
IS	345	34	34	0	0
IS	346	28	28	0	0
IS	347	27	27	0	0
IS	348	32	32	0	0
IS	349	30	30	0	0
IS	350	32	32	0	0
IS	351	30	30	0	0
IS	352	16	16	0	0
IS	353	27	27	0	0
IS	354	20	20	0	0
IS	355	19	19	0	0
IS	356	28	28	0	0
IS	357	15	15	0	0
IS	358	28	28	0	0
IS	359	27	27	0	0
IS	360	28	28	0	0
IS	361	17	17	0	0
IS	362	27	27	0	0
IS	363	25	25	0	0
IS	364	31	31	0	0
IS	365	18	18	0	0
IS	366	26	26	0	0
IS	367	22	22	0	0
IS	368	20	20	0	0
IS	369	21	21	0	0
IS	370	15	15	0	0
IS	371	21	21	0	0
IS	372	23	23	0	0
IS	373	14	14	0	0
IS	374	19	19	0	0
IS	375	22	22	0	0
IS	376	21	21	0	0
# Read lengths. Use `grep ^RL | cut -f 2-` to extract this part. The columns are: read length, count
RL	50	203
RL	51	162
RL	52	147
RL	53	165
RL	54	179
RL	55	161
RL	56	167
RL	57	173
RL	58	159
RL	59	214
RL	60	251
RL	61	174
RL	62	196
RL	63	231
RL	64	209
RL	65	200
RL	66	181
RL	67	250
RL	68	186
RL	69	198
RL	70	191
RL	71	211
RL	72	183
RL	73	218
RL	74	228
RL	75	238
RL	76	207
RL	77	235
RL	78	254
RL	79	217
RL	80	212
RL	81	240
RL	82	215
RL	83	196
RL	84	235
RL	85	231
RL	86	190
RL	87	176
RL	88	242
RL	89	212
RL	90	224
RL	91	274
RL	92	267
RL	93	260
RL	94	321
RL	95	295
RL	96	380
RL	97	394
RL	98	333
RL	99	972
RL	100	255425
# Read lengths - first fragments. Use `grep ^FRL | cut -f 2-` to extract this part. The columns are: read length, count
FRL	50	87
FRL	51	63
FRL	52	69
FRL	53	61
FRL	54	67
FRL	55	69
FRL	56	63
FRL	57	69
FRL	58	60
FRL	59	91
FRL	60	151
FRL	61	84
FRL	62	85
FRL	63	110
FRL	64	93
FRL	65	95
FRL	66	78
FRL	67	143
FRL	68	83
FRL	69	98
FRL	70	86
FRL	71	85
FRL	72	78
FRL	73	78
FRL	74	87
FRL	75	124
FRL	76	83
FRL	77	111
FRL	78	116
FRL	79	86
FRL	80	86
FRL	81	99
FRL	82	104
FRL	83	90
FRL	84	116
FRL	85	100
FRL	86	100
FRL	87	78
FRL	88	112
FRL	89	82
FRL	90	108
FRL	91	131
FRL	92	127
FRL	93	114
FRL	94	153
FRL	95	144
FRL	96	176
FRL	97	144
FRL	98	179
FRL	99	493
FRL	100	128252
# Read lengths - last fragments. Use `grep ^LRL | cut -f 2-` to extract this part. The columns are: read length, count
LRL	50	116
LRL	51	99
LRL	52	78
LRL	53	104
LRL	54	112
LRL	55	92
LRL	56	104
LRL	57	104
LRL	58	99
LRL	59	123
LRL	60	100
LRL	61	90
LRL	62	111
LRL	63	121
LRL	64	116
LRL	65	105
LRL	66	103
LRL	67	107
LRL	68	103
LRL	69	100
LRL	70	105
LRL	71	126
LRL	72	105
LRL	73	140
LRL	74	141
LRL	75	114
LRL	76	124
LRL	77	124
LRL	78	138
LRL	79	131
LRL	80	126
LRL	81	141
LRL	82	111
LRL	83	106
LRL	84	119
LRL	85	131
LRL	86	90
LRL	87	98
LRL	88	130
LRL	89	130
LRL	90	116
LRL	91	143
LRL	92	140
LRL	93	146
LRL	94	168
LRL	95	151
LRL	96	204
LRL	97	250
LRL	98	154
LRL	99	479
LRL	100	127173
# Mapping qualities for reads !(UNMAP|SECOND|SUPPL|QCFAIL|DUP). Use `grep ^MAPQ | cut -f 2-` to extract this part. The columns are: mapq, count
MAPQ	0	2792
MAPQ	1	10
MAPQ	2	2
MAPQ	3	12
MAPQ	5	2
MAPQ	6	6
MAPQ	7	2
MAPQ	9	2
MAPQ	10	3
MAPQ	15	11
MAPQ	17	1
MAPQ	18	2
MAPQ	19	6
MAPQ	20	1
MAPQ	21	7
MAPQ	22	6
MAPQ	23	2
MAPQ	24	25
MAPQ	25	10
MAPQ	26	5
MAPQ	27	40
MAPQ	28	4
MAPQ	33	8
MAPQ	36	2
MAPQ	37	2
MAPQ	38	5
MAPQ	39	10
MAPQ	40	117
MAPQ	41	3
MAPQ	42	9
MAPQ	43	5
MAPQ	44	7
MAPQ	45	21
MAPQ	46	24
MAPQ	47	21
MAPQ	48	20
MAPQ	49	22
MAPQ	50	67
MAPQ	51	11
MAPQ	52	49
MAPQ	53	4
MAPQ	54	9
MAPQ	55	20
MAPQ	56	11
MAPQ	57	14
MAPQ	58	27
MAPQ	59	8
MAPQ	60	261580
# Indel distribution. Use `grep ^ID | cut -f 2-` to extract this part. The columns are: length, number of insertions, number of deletions
ID	1	1450	2402
ID	2	73	58
ID	3	12	17
ID	4	1	1
ID	12	0	2
ID	26	0	1
# Indels per cycle. Use `grep ^IC | cut -f 2-` to extract this part. The columns are: cycle, number of insertions (fwd), .. (rev) , number of deletions (fwd), .. (rev)
IC	3	0	0	24	621
IC	4	12	283	7	511
IC	5	5	155	7	122
IC	6	1	180	4	5
IC	7	1	5	1	6
IC	8	0	4	2	5
IC	9	3	2	6	5
IC	10	0	5	3	4
IC	11	2	5	3	5
IC	12	1	2	4	6
IC	13	1	3	5	11
IC	14	1	8	4	5
IC	15	1	4	8	2
IC	16	2	5	3	4
IC	17	5	2	5	5
IC	18	3	2	6	7
IC	19	4	3	3	4
IC	20	1	5	2	7
IC	21	4	4	6	16
IC	22	0	5	7	12
IC	23	4	5	4	14
IC	24	5	7	6	2
IC	25	4	3	8	4
IC	26	2	2	1	9
IC	27	1	3	4	6
IC	28	3	4	4	3
IC	29	3	7	8	15
IC	30	3	2	6	4
IC	31	2	2	2	5
IC	32	8	7	4	8
IC	33	4	8	3	5
IC	34	5	6	5	6
IC	35	4	6	4	4
IC	36	2	2	4	8
IC	37	2	2	5	6
IC	38	3	6	7	8
IC	39	4	5	1	3
IC	40	5	4	1	9
IC	41	1	2	6	9
IC	42	4	2	6	13
IC	43	2	10	7	10
IC	44	6	1	4	4
IC	45	7	2	5	6
IC	46	5	3	5	4
IC	47	4	4	4	5
IC	48	1	1	5	7
IC	49	3	3	4	5
IC	50	7	2	2	4
IC	51	1	1	4	0
IC	52	1	1	5	1
IC	53	2	2	8	3
IC	54	2	1	7	4
IC	55	3	1	6	2
IC	56	5	3	6	8
IC	57	1	5	2	3
IC	58	3	2	4	7
IC	59	5	0	1	4
IC	60	2	3	3	8
IC	61	2	1	4	8
IC	62	3	0	11	3
IC	63	2	6	2	5
IC	64	0	2	4	7
IC	65	4	2	7	3
IC	66	4	1	3	6
IC	67	3	2	4	3
IC	68	4	1	9	7
IC	69	2	2	6	4
IC	70	2	1	8	4
IC	71	3	1	9	4
IC	72	3	5	9	8
IC	73	5	6	6	5
IC	74	1	6	6	6
IC	75	4	2	2	1
IC	76	5	1	6	5
IC	77	3	3	8	2
IC	78	3	2	11	3
IC	79	1	3	17	5
IC	80	5	4	7	3
IC	81	4	2	5	5
IC	82	1	2	3	7
IC	83	1	4	9	3
IC	84	7	3	2	3
IC	85	3	3	7	3
IC	86	4	1	11	5
IC	87	0	2	9	4
IC	88	3	5	1	3
IC	89	10	1	9	1
IC	90	4	1	12	4
IC	91	10	2	14	4
IC	92	8	1	18	1
IC	93	13	3	12	3
IC	94	18	8	24	2
IC	95	58	3	39	10
IC	96	94	15	45	24
IC	97	106	38	48	30
# Coverage distribution. Use `grep ^COV | cut -f 2-` to extract this part.
COV	[1-1]	1	294433
COV	[2-2]	2	286728
COV	[3-3]	3	154832
COV	[4-4]	4	134298
COV	[5-5]	5	93825
COV	[6-6]	6	82368
COV	[7-7]	7	65382
COV	[8-8]	8	55317
COV	[9-9]	9	47265
COV	[10-10]	10	41536
COV	[11-11]	11	34334
COV	[12-12]	12	30706
COV	[13-13]	13	26688
COV	[14-14]	14	23575
COV	[15-15]	15	21087
COV	[16-16]	16	18851
COV	[17-17]	17	15887
COV	[18-18]	18	13964
COV	[19-19]	19	13649
COV	[20-20]	20	11878
COV	[21-21]	21	10885
COV	[22-22]	22	10829
COV	[23-23]	23	9288
COV	[24-24]	24	8097
COV	[25-25]	25	7618
COV	[26-26]	26	6913
COV	[27-27]	27	6533
COV	[28-28]	28	5924
COV	[29-29]	29	5371
COV	[30-30]	30	5270
COV	[31-31]	31	5348
COV	[32-32]	32	4494
COV	[33-33]	33	4317
COV	[34-34]	34	4007
COV	[35-35]	35	3566
COV	[36-36]	36	3767
COV	[37-37]	37	3378
COV	[38-38]	38	2991
COV	[39-39]	39	3037
COV	[40-40]	40	2954
COV	[41-41]	41	2629
COV	[42-42]	42	2370
COV	[43-43]	43	2266
COV	[44-44]	44	2283
COV	[45-45]	45	2259
COV	[46-46]	46	1988
COV	[47-47]	47	1964
COV	[48-48]	48	1915
COV	[49-49]	49	1822
COV	[50-50]	50	1683
COV	[51-51]	51	1523
COV	[52-52]	52	1592
COV	[53-53]	53	1567
COV	[54-54]	54	1466
COV	[55-55]	55	1510
COV	[56-56]	56	1394
COV	[57-57]	57	1211
COV	[58-58]	58	1276
COV	[59-59]	59	1155
COV	[60-60]	60	1135
COV	[61-61]	61	1111
COV	[62-62]	62	1040
COV	[63-63]	63	1094
COV	[64-64]	64	1061
COV	[65-65]	65	974
COV	[66-66]	66	851
COV	[67-67]	67	789
COV	[68-68]	68	866
COV	[69-69]	69	820
COV	[70-70]	70	751
COV	[71-71]	71	752
COV	[72-72]	72	731
COV	[73-73]	73	679
COV	[74-74]	74	676
COV	[75-75]	75	787
COV	[76-76]	76	726
COV	[77-77]	77	675
COV	[78-78]	78	709
COV	[79-79]	79	654
COV	[80-80]	80	652
COV	[81-81]	81	572
COV	[82-82]	82	619
COV	[83-83]	83	556
COV	[84-84]	84	599
COV	[85-85]	85	565
COV	[86-86]	86	639
COV	[87-87]	87	654
COV	[88-88]	88	482
COV	[89-89]	89	536
COV	[90-90]	90	553
COV	[91-91]	91	485
COV	[92-92]	92	467
COV	[93-93]	93	453
COV	[94-94]	94	474
COV	[95-95]	95	433
COV	[96-96]	96	394
COV	[97-97]	97	418
COV	[98-98]	98	468
COV	[99-99]	99	440
COV	[100-100]	100	383
COV	[101-101]	101	392
COV	[102-102]	102	289
COV	[103-103]	103	367
COV	[104-104]	104	348
COV	[105-105]	105	380
COV	[106-106]	106	339
COV	[107-107]	107	313
COV	[108-108]	108	295
COV	[109-109]	109	328
COV	[110-110]	110	373
COV	[111-111]	111	296
COV	[112-112]	112	312
COV	[113-113]	113	319
COV	[114-114]	114	292
COV	[115-115]	115	327
COV	[116-116]	116	280
COV	[117-117]	117	294
COV	[118-118]	118	300
COV	[119-119]	119	320
COV	[120-120]	120	298
COV	[121-121]	121	272
COV	[122-122]	122	238
COV	[123-123]	123	331
COV	[124-124]	124	305
COV	[125-125]	125	272
COV	[126-126]	126	276
COV	[127-127]	127	224
COV	[128-128]	128	240
COV	[129-129]	129	293
COV	[130-130]	130	230
COV	[131-131]	131	207
COV	[132-132]	132	233
COV	[133-133]	133	239
COV	[134-134]	134	204
COV	[135-135]	135	226
COV	[136-136]	136	242
COV	[137-137]	137	234
COV	[138-138]	138	271
COV	[139-139]	139	241
COV	[140-140]	140	248
COV	[141-141]	141	202
COV	[142-142]	142	258
COV	[143-143]	143	251
COV	[144-144]	144	287
COV	[145-145]	145	239
COV	[146-146]	146	194
COV	[147-147]	147	188
COV	[148-148]	148	206
COV	[149-149]	149	169
COV	[150-150]	150	212
COV	[151-151]	151	193
COV	[152-152]	152	200
COV	[153-153]	153	191
COV	[154-154]	154	175
COV	[155-155]	155	193
COV	[156-156]	156	191
COV	[157-157]	157	199
COV	[158-158]	158	197
COV	[159-159]	159	160
COV	[160-160]	160	180
COV	[161-161]	161	201
COV	[162-162]	162	180
COV	[163-163]	163	188
COV	[164-164]	164	177
COV	[165-165]	165	153
COV	[166-166]	166	143
COV	[167-167]	167	142
COV	[168-168]	168	147
COV	[169-169]	169	170
COV	[170-170]	170	154
COV	[171-171]	171	141
COV	[172-172]	172	140
COV	[173-173]	173	124
COV	[174-174]	174	149
COV	[175-175]	175	142
COV	[176-176]	176	119
COV	[177-177]	177	109
COV	[178-178]	178	133
COV	[179-179]	179	122
COV	[180-180]	180	103
COV	[181-181]	181	96
COV	[182-182]	182	145
COV	[183-183]	183	157
COV	[184-184]	184	126
COV	[185-185]	185	134
COV	[186-186]	186	134
COV	[187-187]	187	167
COV	[188-188]	188	125
COV	[189-189]	189	144
COV	[190-190]	190	143
COV	[191-191]	191	114
COV	[192-192]	192	116
COV	[193-193]	193	122
COV	[194-194]	194	117
COV	[195-195]	195	123
COV	[196-196]	196	136
COV	[197-197]	197	146
COV	[198-198]	198	128
COV	[199-199]	199	99
COV	[200-200]	200	105
COV	[201-201]	201	110
COV	[202-202]	202	91
COV	[203-203]	203	95
COV	[204-204]	204	117
COV	[205-205]	205	109
COV	[206-206]	206	115
COV	[207-207]	207	96
COV	[208-208]	208	123
COV	[209-209]	209	99
COV	[210-210]	210	111
COV	[211-211]	211	99
COV	[212-212]	212	107
COV	[213-213]	213	108
COV	[214-214]	214	73
COV	[215-215]	215	98
COV	[216-216]	216	89
COV	[217-217]	217	79
COV	[218-218]	218	64
COV	[219-219]	219	79
COV	[220-220]	220	70
COV	[221-221]	221	59
COV	[222-222]	222	66
COV	[223-223]	223	45
COV	[224-224]	224	51
COV	[225-225]	225	74
COV	[226-226]	226	58
COV	[227-227]	227	73
COV	[228-228]	228	94
COV	[229-229]	229	107
COV	[230-230]	230	100
COV	[231-231]	231	77
COV	[232-232]	232	83
COV	[233-233]	233	91
COV	[234-234]	234	89
COV	[235-235]	235	79
COV	[236-236]	236	78
COV	[237-237]	237	86
COV	[238-238]	238	69
COV	[239-239]	239	76
COV	[240-240]	240	81
COV	[241-241]	241	80
COV	[242-242]	242	110
COV	[243-243]	243	69
COV	[244-244]	244	108
COV	[245-245]	245	76
COV	[246-246]	246	73
COV	[247-247]	247	55
COV	[248-248]	248	85
COV	[249-249]	249	73
COV	[250-250]	250	84
COV	[251-251]	251	89
COV	[252-252]	252	113
COV	[253-253]	253	89
COV	[254-254]	254	85
COV	[255-255]	255	73
COV	[256-256]	256	52
COV	[257-257]	257	74
COV	[258-258]	258	66
COV	[259-259]	259	60
COV	[260-260]	260	63
COV	[261-261]	261	66
COV	[262-262]	262	57
COV	[263-263]	263	49
COV	[264-264]	264	63
COV	[265-265]	265	72
COV	[266-266]	266	73
COV	[267-267]	267	70
COV	[268-268]	268	77
COV	[269-269]	269	79
COV	[270-270]	270	92
COV	[271-271]	271	91
COV	[272-272]	272	60
COV	[273-273]	273	65
COV	[274-274]	274	37
COV	[275-275]	275	61
COV	[276-276]	276	54
COV	[277-277]	277	62
COV	[278-278]	278	54
COV	[279-279]	279	49
COV	[280-280]	280	50
COV	[281-281]	281	60
COV	[282-282]	282	60
COV	[283-283]	283	42
COV	[284-284]	284	44
COV	[285-285]	285	42
COV	[286-286]	286	44
COV	[287-287]	287	49
COV	[288-288]	288	43
COV	[289-289]	289	46
COV	[290-290]	290	27
COV	[291-291]	291	41
COV	[292-292]	292	54
COV	[293-293]	293	51
COV	[294-294]	294	58
COV	[295-295]	295	54
COV	[296-296]	296	49
COV	[297-297]	297	57
COV	[298-298]	298	44
COV	[299-299]	299	49
COV	[300-300]	300	42
COV	[301-301]	301	41
COV	[302-302]	302	36
COV	[303-303]	303	47
COV	[304-304]	304	52
COV	[305-305]	305	46
COV	[306-306]	306	29
COV	[307-307]	307	56
COV	[308-308]	308	42
COV	[309-309]	309	27
COV	[310-310]	310	50
COV	[311-311]	311	35
COV	[312-312]	312	35
COV	[313-313]	313	36
COV	[314-314]	314	31
COV	[315-315]	315	43
COV	[316-316]	316	29
COV	[317-317]	317	36
COV	[318-318]	318	30
COV	[319-319]	319	37
COV	[320-320]	320	32
COV	[321-321]	321	38
COV	[322-322]	322	45
COV	[323-323]	323	31
COV	[324-324]	324	36
COV	[325-325]	325	37
COV	[326-326]	326	39
COV	[327-327]	327	25
COV	[328-328]	328	51
COV	[329-329]	329	37
COV	[330-330]	330	56
COV	[331-331]	331	49
COV	[332-332]	332	64
COV	[333-333]	333	73
COV	[334-334]	334	75
COV	[335-335]	335	40
COV	[336-336]	336	48
COV	[337-337]	337	43
COV	[338-338]	338	70
COV	[339-339]	339	43
COV	[340-340]	340	59
COV	[341-341]	341	31
COV	[342-342]	342	42
COV	[343-343]	343	35
COV	[344-344]	344	31
COV	[345-345]	345	33
COV	[346-346]	346	32
COV	[347-347]	347	31
COV	[348-348]	348	32
COV	[349-349]	349	33
COV	[350-350]	350	43
COV	[351-351]	351	38
COV	[352-352]	352	30
COV	[353-353]	353	34
COV	[354-354]	354	55
COV	[355-355]	355	36
COV	[356-356]	356	23
COV	[357-357]	357	35
COV	[358-358]	358	26
COV	[359-359]	359	31
COV	[360-360]	360	19
COV	[361-361]	361	30
COV	[362-362]	362	29
COV	[363-363]	363	25
COV	[364-364]	364	29
COV	[365-365]	365	23
COV	[366-366]	366	24
COV	[367-367]	367	30
COV	[368-368]	368	34
COV	[369-369]	369	22
COV	[370-370]	370	21
COV	[371-371]	371	19
COV	[372-372]	372	26
COV	[373-373]	373	33
COV	[374-374]	374	51
COV	[375-375]	375	46
COV	[376-376]	376	44
COV	[377-377]	377	48
COV	[378-378]	378	31
COV	[379-379]	379	51
COV	[380-380]	380	32
COV	[381-381]	381	31
COV	[382-382]	382	34
COV	[383-383]	383	21
COV	[384-384]	384	33
COV	[385-385]	385	7
COV	[386-386]	386	20
COV	[387-387]	387	10
COV	[388-388]	388	18
COV	[389-389]	389	12
COV	[390-390]	390	27
COV	[391-391]	391	14
COV	[392-392]	392	30
COV	[393-393]	393	26
COV	[394-394]	394	25
COV	[395-395]	395	11
COV	[396-396]	396	29
COV	[397-397]	397	9
COV	[398-398]	398	15
COV	[399-399]	399	15
COV	[400-400]	400	15
COV	[401-401]	401	9
COV	[402-402]	402	14
COV	[403-403]	403	14
COV	[404-404]	404	19
COV	[405-405]	405	27
COV	[406-406]	406	19
COV	[407-407]	407	25
COV	[408-408]	408	18
COV	[409-409]	409	13
COV	[410-410]	410	27
COV	[411-411]	411	21
COV	[412-412]	412	17
COV	[413-413]	413	17
COV	[414-414]	414	28
COV	[415-415]	415	19
COV	[416-416]	416	21
COV	[417-417]	417	31
COV	[418-418]	418	27
COV	[419-419]	419	19
COV	[420-420]	420	9
COV	[421-421]	421	23
COV	[422-422]	422	22
COV	[423-423]	423	14
COV	[424-424]	424	14
COV	[425-425]	425	27
COV	[426-426]	426	34
COV	[427-427]	427	36
COV	[428-428]	428	32
COV	[429-429]	429	18
COV	[430-430]	430	24
COV	[431-431]	431	20
COV	[432-432]	432	15
COV	[433-433]	433	19
COV	[434-434]	434	27
COV	[435-435]	435	23
COV	[436-436]	436	31
COV	[437-437]	437	19
COV	[438-438]	438	28
COV	[439-439]	439	22
COV	[440-440]	440	20
COV	[441-441]	441	23
COV	[442-442]	442	26
COV	[443-443]	443	17
COV	[444-444]	444	29
COV	[445-445]	445	31
COV	[446-446]	446	26
COV	[447-447]	447	26
COV	[448-448]	448	32
COV	[449-449]	449	35
COV	[450-450]	450	49
COV	[451-451]	451	33
COV	[452-452]	452	14
COV	[453-453]	453	27
COV	[454-454]	454	24
COV	[455-455]	455	26
COV	[456-456]	456	24
COV	[457-457]	457	14
COV	[458-458]	458	18
COV	[459-459]	459	10
COV	[460-460]	460	14
COV	[461-461]	461	21
COV	[462-462]	462	21
COV	[463-463]	463	17
COV	[464-464]	464	32
COV	[465-465]	465	21
COV	[466-466]	466	24
COV	[467-467]	467	23
COV	[468-468]	468	16
COV	[469-469]	469	15
COV	[470-470]	470	25
COV	[471-471]	471	18
COV	[472-472]	472	15
COV	[473-473]	473	21
COV	[474-474]	474	14
COV	[475-475]	475	11
COV	[476-476]	476	28
COV	[477-477]	477	17
COV	[478-478]	478	21
COV	[479-479]	479	10
COV	[480-480]	480	20
COV	[481-481]	481	11
COV	[482-482]	482	17
COV	[483-483]	483	21
COV	[484-484]	484	15
COV	[485-485]	485	29
COV	[486-486]	486	20
COV	[487-487]	487	17
COV	[488-488]	488	25
COV	[489-489]	489	22
COV	[490-490]	490	22
COV	[491-491]	491	17
COV	[492-492]	492	19
COV	[493-493]	493	23
COV	[494-494]	494	13
COV	[495-495]	495	12
COV	[496-496]	496	5
COV	[497-497]	497	7
COV	[498-498]	498	4
COV	[499-499]	499	14
COV	[500-500]	500	12
COV	[501-501]	501	7
COV	[502-502]	502	6
COV	[503-503]	503	7
COV	[504-504]	504	12
COV	[505-505]	505	13
COV	[506-506]	506	9
COV	[507-507]	507	7
COV	[508-508]	508	11
COV	[509-509]	509	6
COV	[510-510]	510	8
COV	[511-511]	511	6
COV	[512-512]	512	8
COV	[513-513]	513	14
COV	[514-514]	514	14
COV	[515-515]	515	13
COV	[516-516]	516	16
COV	[517-517]	517	18
COV	[518-518]	518	15
COV	[519-519]	519	22
COV	[520-520]	520	18
COV	[521-521]	521	14
COV	[522-522]	522	19
COV	[523-523]	523	16
COV	[524-524]	524	14
COV	[525-525]	525	24
COV	[526-526]	526	16
COV	[527-527]	527	30
COV	[528-528]	528	15
COV	[529-529]	529	18
COV	[530-530]	530	16
COV	[531-531]	531	14
COV	[532-532]	532	13
COV	[533-533]	533	16
COV	[534-534]	534	14
COV	[535-535]	535	9
COV	[536-536]	536	18
COV	[537-537]	537	15
COV	[538-538]	538	18
COV	[539-539]	539	18
COV	[540-540]	540	14
COV	[541-541]	541	13
COV	[542-542]	542	16
COV	[543-543]	543	12
COV	[544-544]	544	14
COV	[545-545]	545	7
COV	[546-546]	546	20
COV	[547-547]	547	11
COV	[548-548]	548	13
COV	[549-549]	549	6
COV	[550-550]	550	3
COV	[551-551]	551	5
COV	[552-552]	552	4
COV	[553-553]	553	5
COV	[554-554]	554	2
COV	[555-555]	555	5
COV	[556-556]	556	8
COV	[557-557]	557	5
COV	[558-558]	558	8
COV	[559-559]	559	4
COV	[560-560]	560	7
COV	[561-561]	561	12
COV	[562-562]	562	7
COV	[563-563]	563	8
COV	[564-564]	564	8
COV	[565-565]	565	8
COV	[566-566]	566	4
COV	[567-567]	567	9
COV	[568-568]	568	5
COV	[569-569]	569	7
COV	[570-570]	570	10
COV	[571-571]	571	8
COV	[572-572]	572	3
COV	[573-573]	573	10
COV	[574-574]	574	9
COV	[575-575]	575	8
COV	[576-576]	576	13
COV	[577-577]	577	8
COV	[578-578]	578	6
COV	[579-579]	579	12
COV	[580-580]	580	14
COV	[581-581]	581	18
COV	[582-582]	582	10
COV	[583-583]	583	17
COV	[584-584]	584	11
COV	[585-585]	585	11
COV	[586-586]	586	9
COV	[587-587]	587	10
COV	[588-588]	588	8
COV	[589-589]	589	15
COV	[590-590]	590	11
COV	[591-591]	591	6
COV	[592-592]	592	8
COV	[593-593]	593	9
COV	[594-594]	594	9
COV	[595-595]	595	6
COV	[596-596]	596	11
COV	[597-597]	597	9
COV	[598-598]	598	5
COV	[599-599]	599	6
COV	[600-600]	600	3
COV	[601-601]	601	11
COV	[602-602]	602	6
COV	[603-603]	603	8
COV	[604-604]	604	9
COV	[605-605]	605	9
COV	[606-606]	606	7
COV	[607-607]	607	13
COV	[608-608]	608	7
COV	[609-609]	609	11
COV	[610-610]	610	7
COV	[611-611]	611	13
COV	[612-612]	612	5
COV	[613-613]	613	10
COV	[614-614]	614	1
COV	[615-615]	615	8
COV	[616-616]	616	8
COV	[617-617]	617	6
COV	[618-618]	618	9
COV	[619-619]	619	4
COV	[620-620]	620	4
COV	[621-621]	621	3
COV	[622-622]	622	8
COV	[623-623]	623	3
COV	[624-624]	624	8
COV	[625-625]	625	1
COV	[626-626]	626	6
COV	[627-627]	627	6
COV	[628-628]	628	5
COV	[629-629]	629	7
COV	[630-630]	630	6
COV	[631-631]	631	6
COV	[632-632]	632	11
COV	[633-633]	633	11
COV	[634-634]	634	4
COV	[635-635]	635	2
COV	[636-636]	636	7
COV	[637-637]	637	8
COV	[638-638]	638	4
COV	[639-639]	639	7
COV	[640-640]	640	5
COV	[641-641]	641	4
COV	[642-642]	642	5
COV	[643-643]	643	5
COV	[644-644]	644	8
COV	[645-645]	645	9
COV	[646-646]	646	9
COV	[647-647]	647	8
COV	[648-648]	648	8
COV	[649-649]	649	6
COV	[650-650]	650	4
COV	[651-651]	651	6
COV	[652-652]	652	8
COV	[653-653]	653	9
COV	[654-654]	654	11
COV	[655-655]	655	9
COV	[656-656]	656	8
COV	[657-657]	657	6
COV	[658-658]	658	3
COV	[659-659]	659	8
COV	[660-660]	660	12
COV	[661-661]	661	5
COV	[662-662]	662	8
COV	[663-663]	663	13
COV	[664-664]	664	8
COV	[665-665]	665	12
COV	[666-666]	666	8
COV	[667-667]	667	6
COV	[668-668]	668	9
COV	[669-669]	669	9
COV	[670-670]	670	7
COV	[671-671]	671	13
COV	[672-672]	672	11
COV	[673-673]	673	12
COV	[674-674]	674	14
COV	[675-675]	675	11
COV	[676-676]	676	9
COV	[677-677]	677	12
COV	[678-678]	678	16
COV	[679-679]	679	7
COV	[680-680]	680	9
COV	[681-681]	681	12
COV	[682-682]	682	10
COV	[683-683]	683	11
COV	[684-684]	684	11
COV	[685-685]	685	8
COV	[686-686]	686	10
COV	[687-687]	687	9
COV	[688-688]	688	12
COV	[689-689]	689	12
COV	[690-690]	690	13
COV	[691-691]	691	5
COV	[692-692]	692	11
COV	[693-693]	693	19
COV	[694-694]	694	12
COV	[695-695]	695	7
COV	[696-696]	696	11
COV	[697-697]	697	13
COV	[698-698]	698	6
COV	[699-699]	699	8
COV	[700-700]	700	4
COV	[701-701]	701	6
COV	[702-702]	702	6
COV	[703-703]	703	5
COV	[704-704]	704	3
COV	[705-705]	705	5
COV	[706-706]	706	5
COV	[707-707]	707	4
COV	[708-708]	708	8
COV	[709-709]	709	5
COV	[710-710]	710	7
COV	[711-711]	711	2
COV	[712-712]	712	3
COV	[713-713]	713	4
COV	[714-714]	714	4
COV	[715-715]	715	4
COV	[716-716]	716	5
COV	[717-717]	717	4
COV	[718-718]	718	8
COV	[719-719]	719	3
COV	[720-720]	720	6
COV	[721-721]	721	11
COV	[722-722]	722	4
COV	[723-723]	723	10
COV	[724-724]	724	7
COV	[725-725]	725	13
COV	[726-726]	726	11
COV	[727-727]	727	4
COV	[728-728]	728	5
COV	[729-729]	729	2
COV	[730-730]	730	6
COV	[731-731]	731	5
COV	[732-732]	732	5
COV	[733-733]	733	4
COV	[734-734]	734	6
COV	[735-735]	735	5
COV	[736-736]	736	5
COV	[737-737]	737	6
COV	[738-738]	738	7
COV	[739-739]	739	9
COV	[740-740]	740	9
COV	[741-741]	741	4
COV	[742-742]	742	5
COV	[743-743]	743	6
COV	[744-744]	744	5
COV	[745-745]	745	4
COV	[746-746]	746	7
COV	[747-747]	747	8
COV	[748-748]	748	2
COV	[749-749]	749	5
COV	[750-750]	750	8
COV	[751-751]	751	7
COV	[752-752]	752	8
COV	[753-753]	753	10
COV	[754-754]	754	12
COV	[755-755]	755	2
COV	[756-756]	756	4
COV	[757-757]	757	3
COV	[759-759]	759	3
COV	[760-760]	760	4
COV	[761-761]	761	2
COV	[762-762]	762	5
COV	[763-763]	763	3
COV	[764-764]	764	1
COV	[767-767]	767	2
COV	[768-768]	768	4
COV	[769-769]	769	3
COV	[770-770]	770	4
COV	[771-771]	771	5
COV	[772-772]	772	3
COV	[773-773]	773	4
COV	[774-774]	774	5
COV	[775-775]	775	8
COV	[776-776]	776	5
COV	[777-777]	777	5
COV	[778-778]	778	3
COV	[779-779]	779	9
COV	[780-780]	780	5
COV	[781-781]	781	7
COV	[782-782]	782	7
COV	[783-783]	783	9
COV	[784-784]	784	5
COV	[785-785]	785	5
COV	[786-786]	786	6
COV	[787-787]	787	7
COV	[788-788]	788	5
COV	[789-789]	789	5
COV	[790-790]	790	5
COV	[791-791]	791	7
COV	[792-792]	792	15
COV	[793-793]	793	6
COV	[794-794]	794	9
COV	[795-795]	795	4
COV	[796-796]	796	9
COV	[797-797]	797	4
COV	[798-798]	798	4
COV	[799-799]	799	7
COV	[800-800]	800	5
COV	[801-801]	801	17
COV	[802-802]	802	6
COV	[803-803]	803	5
COV	[804-804]	804	4
COV	[805-805]	805	6
COV	[806-806]	806	4
COV	[807-807]	807	4
COV	[808-808]	808	6
COV	[809-809]	809	6
COV	[810-810]	810	2
COV	[811-811]	811	5
COV	[812-812]	812	4
COV	[813-813]	813	2
COV	[814-814]	814	5
COV	[815-815]	815	5
COV	[816-816]	816	9
COV	[817-817]	817	5
COV	[818-818]	818	3
COV	[819-819]	819	4
COV	[820-820]	820	1
COV	[821-821]	821	9
COV	[822-822]	822	5
COV	[823-823]	823	10
COV	[824-824]	824	8
COV	[825-825]	825	3
COV	[826-826]	826	3
COV	[827-827]	827	7
COV	[828-828]	828	3
COV	[829-829]	829	4
COV	[830-830]	830	3
COV	[831-831]	831	4
COV	[832-832]	832	6
COV	[833-833]	833	4
COV	[834-834]	834	5
COV	[835-835]	835	6
COV	[836-836]	836	2
COV	[837-837]	837	6
COV	[838-838]	838	3
COV	[839-839]	839	3
COV	[840-840]	840	6
COV	[841-841]	841	2
COV	[842-842]	842	4
COV	[843-843]	843	4
COV	[844-844]	844	11
COV	[845-845]	845	13
COV	[846-846]	846	14
COV	[847-847]	847	6
COV	[848-848]	848	13
COV	[849-849]	849	12
COV	[850-850]	850	9
COV	[851-851]	851	10
COV	[852-852]	852	6
COV	[853-853]	853	5
COV	[854-854]	854	4
COV	[855-855]	855	7
COV	[856-856]	856	10
COV	[857-857]	857	10
COV	[858-858]	858	11
COV	[859-859]	859	4
COV	[860-860]	860	12
COV	[861-861]	861	11
COV	[862-862]	862	5
COV	[863-863]	863	7
COV	[864-864]	864	7
COV	[865-865]	865	7
COV	[866-866]	866	8
COV	[867-867]	867	7
COV	[868-868]	868	11
COV	[869-869]	869	8
COV	[870-870]	870	6
COV	[871-871]	871	5
COV	[872-872]	872	3
COV	[873-873]	873	2
COV	[874-874]	874	1
COV	[875-875]	875	1
COV	[876-876]	876	3
COV	[877-877]	877	4
COV	[878-878]	878	4
COV	[879-879]	879	3
COV	[880-880]	880	5
COV	[881-881]	881	2
COV	[882-882]	882	10
COV	[883-883]	883	7
COV	[884-884]	884	1
COV	[885-885]	885	10
COV	[886-886]	886	3
COV	[887-887]	887	5
COV	[888-888]	888	3
COV	[889-889]	889	5
COV	[890-890]	890	4
COV	[891-891]	891	2
COV	[892-892]	892	7
COV	[893-893]	893	6
COV	[894-894]	894	7
COV	[895-895]	895	7
COV	[896-896]	896	11
COV	[897-897]	897	10
COV	[898-898]	898	8
COV	[899-899]	899	7
COV	[900-900]	900	3
COV	[901-901]	901	6
COV	[902-902]	902	10
COV	[903-903]	903	3
COV	[904-904]	904	4
COV	[905-905]	905	2
COV	[906-906]	906	2
COV	[907-907]	907	3
COV	[908-908]	908	2
COV	[909-909]	909	6
COV	[910-910]	910	5
COV	[911-911]	911	7
COV	[912-912]	912	4
COV	[913-913]	913	2
COV	[914-914]	914	11
COV	[915-915]	915	5
COV	[916-916]	916	6
COV	[917-917]	917	20
COV	[918-918]	918	5
COV	[919-919]	919	8
COV	[920-920]	920	5
COV	[921-921]	921	3
COV	[922-922]	922	1
COV	[923-923]	923	6
COV	[924-924]	924	3
COV	[925-925]	925	5
COV	[926-926]	926	6
COV	[927-927]	927	3
COV	[928-928]	928	5
COV	[929-929]	929	3
COV	[930-930]	930	6
COV	[931-931]	931	2
COV	[932-932]	932	4
COV	[933-933]	933	7
COV	[934-934]	934	5
COV	[935-935]	935	3
COV	[936-936]	936	4
COV	[937-937]	937	1
COV	[938-938]	938	3
COV	[939-939]	939	3
COV	[940-940]	940	2
COV	[941-941]	941	2
COV	[942-942]	942	1
COV	[943-943]	943	3
COV	[944-944]	944	5
COV	[945-945]	945	5
COV	[946-946]	946	1
COV	[947-947]	947	1
COV	[948-948]	948	1
COV	[949-949]	949	3
COV	[950-950]	950	4
COV	[951-951]	951	1
COV	[952-952]	952	1
COV	[953-953]	953	1
COV	[955-955]	955	2
COV	[956-956]	956	1
COV	[957-957]	957	6
COV	[958-958]	958	3
COV	[959-959]	959	2
COV	[960-960]	960	1
COV	[961-961]	961	4
COV	[962-962]	962	3
COV	[963-963]	963	3
COV	[965-965]	965	1
COV	[966-966]	966	3
COV	[967-967]	967	1
COV	[970-970]	970	5
COV	[971-971]	971	2
COV	[972-972]	972	6
COV	[973-973]	973	3
COV	[974-974]	974	1
COV	[975-975]	975	2
COV	[976-976]	976	1
COV	[977-977]	977	1
COV	[978-978]	978	3
COV	[979-979]	979	2
COV	[981-981]	981	3
COV	[982-982]	982	1
COV	[983-983]	983	3
COV	[985-985]	985	2
COV	[986-986]	986	2
COV	[987-987]	987	1
COV	[988-988]	988	6
COV	[989-989]	989	2
COV	[990-990]	990	2
COV	[991-991]	991	3
COV	[992-992]	992	5
COV	[993-993]	993	3
COV	[994-994]	994	3
COV	[995-995]	995	3
COV	[996-996]	996	3
COV	[997-997]	997	2
COV	[998-998]	998	2
COV	[999-999]	999	3
COV	[1000-1000]	1000	3
COV	[1000<]	1000	1014
# GC-depth. Use `grep ^GCD | cut -f 2-` to extract this part. The columns are: GC%, unique sequence percentiles, 10th, 25th, 50th, 75th and 90th depth percentile
GCD	0.0	1.190	0.000	0.000	0.000	0.000	0.000
GCD	29.6	1.786	0.431	0.431	0.431	0.431	0.431
GCD	32.0	2.976	0.015	0.015	1.119	2.223	2.223
GCD	33.0	4.167	1.872	1.872	1.946	2.020	2.020
GCD	34.0	6.548	0.183	0.233	0.698	1.687	1.911
GCD	35.0	10.119	0.287	0.332	0.748	2.305	4.808
GCD	36.0	13.690	0.436	0.811	1.382	2.847	3.204
GCD	37.0	20.238	0.303	0.659	0.842	1.545	7.723
GCD	38.0	27.976	0.030	0.683	0.971	1.587	2.654
GCD	39.0	40.476	0.151	0.565	1.931	4.734	11.499
GCD	40.0	62.500	1.284	2.528	5.160	9.451	14.862
GCD	41.0	88.095	2.127	4.174	6.314	13.588	28.197
GCD	42.0	93.452	0.020	1.399	6.957	8.903	14.558
GCD	43.0	98.214	2.699	6.845	15.598	19.339	47.884
GCD	45.0	98.810	8.086	8.086	8.086	8.086	8.086
GCD	47.0	100.000	22.541	22.541	24.999	27.458	27.458
